,Date,Sentiment,Normalized_Sentiment,Sentiment_Change_Percentual,Ticker,Open,High,Low,Close,Adj Close,Volume,Stock_Price_Change,Stock_Price_Change_Percent
0,2016-05-18,1,0.019471337579617835,-0.11570726063060455,NEXT,9.90999984741211,9.949999809265137,9.90999984741211,9.949999809265137,9.949999809265137,300,,
1,2016-06-09,1,0.019471337579617835,0.0,NEXT,10.005000114440918,10.005000114440918,9.949999809265137,9.949999809265137,9.949999809265137,100100,0.05500030517578125,0.005527668967849397
2,2016-07-07,2,0.02010828025477707,0.032711808963035605,NEXT,10.020000457763672,10.079999923706056,10.020000457763672,10.020000457763672,10.020000457763672,4300,0.0749998092651385,0.007496232724364171
3,2016-07-19,22,0.032847133757961784,0.6869479882237488,NEXT,10.029999732971191,10.029999732971191,10.029999732971191,10.029999732971191,10.029999732971191,0,-0.05000019073486506,-0.0049603364199710676
4,2016-07-21,1,0.019471337579617835,-0.4072134962187318,NEXT,10.0,10.0,10.0,10.0,10.0,0,-0.029999732971191406,-0.0029910003758598647
5,2016-08-18,2,0.02010828025477707,0.032711808963035605,NEXT,10.00100040435791,10.00100040435791,10.00100040435791,10.00100040435791,10.00100040435791,0,0.0010004043579101562,0.00010004043579092681
6,2016-09-06,12,0.02647770700636943,0.31675641431739,NEXT,10.050000190734863,10.050000190734863,10.050000190734863,10.050000190734863,10.050000190734863,0,0.048999786376953125,0.004899488490731629
7,2016-09-07,1,0.019471337579617835,-0.26461390425787834,NEXT,10.050000190734863,10.050000190734863,10.050000190734863,10.050000190734863,10.050000190734863,0,0.0,0.0
8,2016-09-14,7,0.023292993630573248,0.19627085377821385,NEXT,10.050000190734863,10.050000190734863,10.050000190734863,10.050000190734863,10.050000190734863,0,0.0,0.0
9,2016-09-19,2,0.02010828025477707,-0.1367240907847963,NEXT,10.050000190734863,10.050000190734863,10.050000190734863,10.050000190734863,10.050000190734863,0,0.0,0.0
10,2016-10-05,21,0.03221019108280255,0.6018371872030408,NEXT,10.050000190734863,10.050000190734863,10.050000190734863,10.050000190734863,10.050000190734863,0,0.0,0.0
11,2016-10-25,1,0.019471337579617835,-0.3954913980620921,NEXT,10.079999923706056,10.079999923706056,10.079999923706056,10.079999923706056,10.079999923706056,0,0.029999732971193183,0.002985048000183177
12,2016-12-08,2,0.02010828025477707,0.39875941515285773,NEXT,10.100000381469728,10.100000381469728,10.100000381469728,10.100000381469728,10.100000381469728,0,0.020000457763671875,0.0019841724122076076
13,2016-12-14,1,0.019471337579617835,-0.031675641431738955,NEXT,10.100000381469728,10.100000381469728,10.100000381469728,10.100000381469728,10.100000381469728,0,0.0,0.0
14,2017-01-19,1,0.019471337579617835,0.0,NEXT,10.17099952697754,10.199000358581545,10.149999618530272,10.15999984741211,10.15999984741211,14600,0.0989999771118164,0.009801977561649355
15,2017-01-20,18,0.030299363057324842,0.5561007523716062,NEXT,10.15999984741211,10.15999984741211,10.15999984741211,10.15999984741211,10.15999984741211,0,-0.03900051116943537,-0.0038239542894632494
16,2017-02-01,8,0.023929936305732483,-0.2102165230187093,NEXT,10.19499969482422,10.19499969482422,10.19499969482422,10.19499969482422,10.19499969482422,800,0.03499984741211115,0.0034448669230073836
17,2017-02-09,80,0.06978980891719745,2.5842329080798168,NEXT,10.1899995803833,10.1899995803833,10.1899995803833,10.1899995803833,10.1899995803833,1200,-0.005000114440919745,-0.0004904477283562692
18,2017-02-13,1,0.019471337579617835,-0.7210002737975723,NEXT,10.1899995803833,10.1899995803833,10.1899995803833,10.1899995803833,10.1899995803833,0,0.0,0.0
19,2017-02-21,1,0.019471337579617835,0.0,NEXT,10.1899995803833,10.1899995803833,10.1899995803833,10.1899995803833,10.1899995803833,0,0.0,0.0
20,2017-02-28,2,0.02010828025477707,0.032711808963035605,NEXT,10.170000076293944,10.170000076293944,10.170000076293944,10.170000076293944,10.170000076293944,0,-0.019999504089357245,-0.001962659952200352
21,2017-03-14,1,0.019471337579617835,-0.06140620202640468,NEXT,10.149999618530272,10.199000358581545,10.149999618530272,10.18000030517578,10.18000030517578,7100,0.02900028228760121,0.0028515518259630834
22,2017-03-24,1,0.019471337579617835,0.0,NEXT,10.1899995803833,10.1899995803833,10.1899995803833,10.1899995803833,10.1899995803833,400,-0.009000778198243964,-0.0008825157252465576
23,2017-05-17,1,0.019471337579617835,-0.696032614099632,NEXT,10.260000228881836,10.260000228881836,10.260000228881836,10.260000228881836,10.260000228881836,400,0.07000064849853516,0.0068695438058008484
24,2017-05-18,2,0.02010828025477707,0.032711808963035605,NEXT,10.300000190734863,10.300000190734863,10.300000190734863,10.300000190734863,10.300000190734863,500,0.039999961853027344,0.003898631672583086
25,2017-06-02,2,0.02010828025477707,0.0,NEXT,10.279999732971191,10.279999732971191,10.229999542236328,10.25,10.25,17500,-0.020000457763671875,-0.0019417919799324945
26,2017-06-06,1,0.019471337579617835,-0.031675641431738955,NEXT,10.25,10.279999732971191,10.25,10.260000228881836,10.260000228881836,314400,0.0,0.0
27,2017-06-07,1,0.019471337579617835,0.0,NEXT,10.270000457763672,10.270000457763672,10.220000267028809,10.270000457763672,10.270000457763672,1800,-0.009999275207519531,-0.0009726921660755394
28,2017-06-08,15,0.028388535031847136,0.45796532548249935,NEXT,10.260000228881836,10.260000228881836,10.210000038146973,10.25,10.25,2100,-0.010000228881835938,-0.0009737320775167202
29,2017-07-11,1,0.019471337579617835,-0.3141126318151223,NEXT,10.329999923706056,10.449999809265137,10.25,10.34000015258789,10.34000015258789,16700,0.18999958038330078,0.018518477207091433
30,2017-07-14,6,0.022656050955414012,0.16355904481517825,NEXT,10.369999885559082,10.369999885559082,10.29699993133545,10.31999969482422,10.31999969482422,6500,-0.07999992370605469,-0.007655495231217668
31,2017-09-07,1,0.019471337579617835,-0.14056789429294347,NEXT,9.850000381469728,9.875,9.4399995803833,9.75,9.75,249700,-0.49499988555908203,-0.047733837128426826
32,2017-09-08,8,0.023929936305732483,0.22898266274124945,NEXT,9.630000114440918,10.229999542236328,9.611000061035156,9.93000030517578,9.93000030517578,246300,0.3549995422363281,0.03594932073279278
33,2017-09-14,7,0.023292993630573248,-0.02661698163428272,NEXT,10.619999885559082,10.699999809265137,10.149999618530272,10.149999618530272,10.149999618530272,484600,0.4700002670288086,0.04594333216617752
34,2017-09-20,13,0.027114649681528664,0.16406890894175574,NEXT,9.949999809265137,10.199999809265137,9.93000030517578,10.050000190734863,10.050000190734863,92800,-0.5,-0.04672897279559296
35,2017-09-25,23,0.03348407643312102,0.23490721165139772,NEXT,9.949999809265137,10.260000228881836,9.880000114440918,10.010000228881836,10.010000228881836,70700,0.06000041961669922,0.005882394190066309
36,2017-11-24,2,0.02010828025477707,-0.3994673768308922,NEXT,9.3100004196167,9.59000015258789,8.710000038146973,9.239999771118164,9.239999771118164,40000,-0.6700000762939453,-0.06530215022879815
37,2017-12-26,57,0.055140127388535035,1.742160278745645,NEXT,8.619999885559082,9.350000381469728,8.59000015258789,8.789999961853027,8.789999961853027,46500,-0.2399997711181623,-0.025026044556776927
38,2018-01-16,1,0.019471337579617835,-0.6468753609795541,NEXT,8.3100004196167,8.479999542236328,8.109999656677246,8.149999618530273,8.149999618530273,10500,-0.8700008392334002,-0.09304821430356403
39,2018-01-26,5,0.022019108280254777,0.09502692429521686,NEXT,7.71999979019165,7.769999980926514,7.210000038146973,7.329999923706055,7.329999923706055,186900,-0.7099995613098145,-0.08372636788168675
40,2018-02-01,4,0.02138216560509554,-0.028926815157651165,NEXT,6.800000190734863,7.050000190734863,6.800000190734863,7.0,7.0,32300,-0.7199997901916504,-0.09266406588919918
41,2018-02-02,11,0.025840764331210193,0.20851951146857317,NEXT,7.25,7.25,6.809999942779541,6.929999828338623,6.929999828338623,12600,0.19999980926513672,0.028368766504145215
42,2018-02-07,13,0.027114649681528664,0.04929751047572095,NEXT,7.119999885559082,7.119999885559082,6.75,6.75,6.75,29500,-0.13000011444091797,-0.0179310502677128
43,2018-02-22,3,0.020745222929936306,-0.08434073657576613,NEXT,5.659999847412109,5.889999866485596,5.659999847412109,5.699999809265137,5.699999809265137,17000,-1.2300000190734863,-0.17275281444430857
44,2018-03-12,0,0.0188343949044586,-0.09210930303960696,NEXT,4.730000019073486,4.84499979019165,4.440000057220459,4.710000038146973,4.710000038146973,61400,-1.0450000762939453,-0.17741937181358014
45,2018-03-13,1,0.019471337579617835,0.03381805884342248,NEXT,4.739999771118164,4.869999885559082,4.480000019073486,4.510000228881836,4.510000228881836,130800,0.02500009536743164,0.005159978627458983
46,2018-03-15,3,0.020745222929936306,0.06542361792607121,NEXT,4.46999979019165,4.570000171661377,3.950000047683716,4.059999942779541,4.059999942779541,132100,-0.2999997138977051,-0.06160158541015337
47,2018-03-28,22,0.032847133757961784,0.6869479882237488,NEXT,4.650000095367432,4.75,4.449999809265137,4.5,4.5,23800,0.17999982833862305,0.03938726949176141
48,2018-03-29,16,0.02902547770700637,-0.11634671320535195,NEXT,4.510000228881836,4.960000038146973,4.389999866485596,4.940000057220459,4.940000057220459,183000,0.21000003814697266,0.04421053434673117
49,2018-04-04,1,0.019471337579617835,-0.32916392363396973,NEXT,4.960000038146973,5.349999904632568,4.889999866485596,5.340000152587891,5.340000152587891,25200,0.3899998664855957,0.07862900473510837
50,2018-04-10,2,0.02010828025477707,0.032711808963035605,NEXT,5.559999942779541,5.769999980926514,5.309999942779541,5.769999980926514,5.769999980926514,11000,0.4200000762939453,0.07850468855714698
51,2018-04-18,1,0.019471337579617835,-0.031675641431738955,NEXT,5.420000076293945,5.75,5.420000076293945,5.460000038146973,5.460000038146973,84000,-0.019999980926513672,-0.0034662012118936714
52,2018-04-19,1,0.019471337579617835,0.0,NEXT,5.460000038146973,5.699999809265137,5.460000038146973,5.650000095367432,5.650000095367432,98300,-0.05000019073486328,-0.008695685345193604
53,2018-04-20,2,0.02010828025477707,0.032711808963035605,NEXT,5.75,5.889999866485596,5.659999847412109,5.889999866485596,5.889999866485596,138200,0.19000005722045898,0.033333344487419314
54,2018-04-30,5,0.022019108280254777,0.13084723585214264,NEXT,6.880000114440918,7.139999866485596,6.5,6.730000019073486,6.730000019073486,15800,1.25,0.2122241134694356
55,2018-05-02,1071,0.701,30.835984958056116,NEXT,6.809999942779541,6.849999904632568,6.611000061035156,6.739999771118164,6.739999771118164,8100,-0.28999996185302734,-0.040616241915389484
56,2018-05-03,311,0.2169235668789809,-0.6905512598017391,NEXT,6.710000038146973,6.730000019073486,6.570000171661377,6.699999809265137,6.699999809265137,6600,-0.11999988555908203,-0.017518231712372434
57,2018-05-04,1,0.019471337579617835,-0.9102387174442845,NEXT,6.639999866485596,6.880000114440918,6.138999938964844,6.800000190734863,6.800000190734863,14300,0.15000009536743164,0.022288275622929676
58,2018-05-08,-15,0.009280254777070063,-0.5659815311289842,NEXT,7.360000133514404,7.360000133514404,6.880000114440918,6.880000114440918,6.880000114440918,16300,0.48000001907348633,0.0697674434722726
59,2018-05-11,1,0.019471337579617835,1.0981468771448184,NEXT,6.75,7.369999885559082,6.46999979019165,6.96999979019165,6.96999979019165,37100,0.009999752044677734,0.0013586619379453158
60,2018-05-14,1,0.019471337579617835,0.0,NEXT,6.949999809265137,7.210000038146973,6.78000020980835,7.070000171661377,7.070000171661377,8700,-0.15999984741210938,-0.021709613283117712
61,2018-05-17,76,0.06724203821656051,2.4533856722276743,NEXT,6.849999904632568,7.244999885559082,6.78000020980835,6.880000114440918,6.880000114440918,53900,0.034999847412109375,0.00485434774298632
62,2018-05-18,1,0.019471337579617835,-0.7104290991759022,NEXT,6.829999923706055,6.829999923706055,6.360000133514404,6.460000038146973,6.460000038146973,42200,-0.41499996185302734,-0.057280879007357344
63,2018-05-22,4,0.02138216560509554,-0.12963443090484839,NEXT,6.300000190734863,6.300000190734863,6.099999904632568,6.110000133514404,6.110000133514404,18200,-0.5299997329711914,-0.07759879046727813
64,2018-05-23,1,0.019471337579617835,-0.08936550491510276,NEXT,6.099999904632568,6.239999771118164,5.909999847412109,6.079999923706055,6.079999923706055,30300,-0.06000041961669922,-0.009523875841295881
65,2018-05-25,3,0.020745222929936306,0.06542361792607121,NEXT,6.059999942779541,6.230000019073486,6.0,6.210000038146973,6.210000038146973,13400,-0.009999752044677734,-0.0016025244249144865
66,2018-05-30,2,0.02010828025477707,-0.030703101013202283,NEXT,6.360000133514404,6.880000114440918,6.150000095367432,6.650000095367432,6.650000095367432,19100,0.6500000953674316,0.10433388336716232
67,2018-06-11,2,0.02010828025477707,-0.1124543154343548,NEXT,6.409999847412109,6.534999847412109,6.210000038146973,6.25,6.25,17800,-0.3450002670288086,-0.05014538681542502
68,2018-06-12,31,0.038579617834394904,0.9185936015204308,NEXT,6.210000038146973,6.699999809265137,6.130000114440918,6.25,6.25,11500,0.16499996185302734,0.02524865580805913
69,2018-06-13,1,0.019471337579617835,-0.4952947003467063,NEXT,6.210000038146973,6.409999847412109,6.010000228881836,6.099999904632568,6.099999904632568,89500,-0.28999996185302734,-0.04328357762816637
70,2018-06-15,1,0.019471337579617835,0.0,NEXT,6.079999923706055,6.309999942779541,5.559999942779541,5.989999771118164,5.989999771118164,258800,-0.09999990463256836,-0.0156006095184138
71,2018-06-21,9,0.024566878980891722,-0.18919487071683827,NEXT,6.099999904632568,6.099999904632568,5.605000019073486,6.010000228881836,6.010000228881836,74700,-0.21000003814697266,-0.033280513478811224
72,2018-06-22,81,0.07042675159235669,1.8667358050298155,NEXT,5.989999771118164,6.114999771118164,5.840000152587891,6.03000020980835,6.03000020980835,804300,0.014999866485595703,0.002458994544279225
73,2018-07-02,11,0.025840764331210193,-0.5313619036617766,NEXT,6.78000020980835,6.78000020980835,6.480000019073486,6.489999771118164,6.489999771118164,28000,0.6650004386901855,0.10874905373358446
74,2018-07-03,4,0.02138216560509554,-0.17254128666502355,NEXT,6.46999979019165,6.539999961853027,6.199999809265137,6.21999979019165,6.21999979019165,10800,-0.24000024795532227,-0.03539826556467118
75,2018-07-05,27,0.03603184713375796,0.6851355376824546,NEXT,6.269999980926514,6.650000095367432,6.269999980926514,6.440000057220459,6.440000057220459,20400,0.1100001335144043,0.016819592378596537
76,2018-07-16,1,0.019471337579617835,-0.4596075658476224,NEXT,6.159999847412109,6.300000190734863,6.150000095367432,6.230000019073486,6.230000019073486,11300,-0.34999990463256836,-0.052631563851613716
77,2018-07-26,1,0.019471337579617835,0.0,NEXT,6.269999980926514,6.5,6.269999980926514,6.489999771118164,6.489999771118164,4500,0.19999980926513672,0.03174600050953447
78,2018-07-30,1,0.019471337579617835,0.0,NEXT,6.335000038146973,6.5,6.170000076293945,6.28000020980835,6.28000020980835,8400,0.0,0.0
79,2018-07-31,17,0.029662420382165607,0.5233889434085706,NEXT,6.28000020980835,6.5,6.28000020980835,6.46999979019165,6.46999979019165,15200,0.0,0.0
80,2018-08-01,25,0.03475796178343949,0.17178441056474125,NEXT,6.460000038146973,6.5,6.289999961853027,6.309999942779541,6.309999942779541,31700,0.0,0.0
81,2018-08-06,-7,0.01437579617834395,-0.3276735180220435,NEXT,6.3480000495910645,6.369999885559082,6.289999961853027,6.340000152587891,6.340000152587891,4800,-0.13000011444091797,-0.020000017606295106
82,2018-08-08,14,0.0277515923566879,0.930438635356668,NEXT,6.310999870300293,6.5,6.310999870300293,6.449999809265137,6.449999809265137,9300,0.13000011444091797,0.02040818159755875
83,2018-08-09,5,0.022019108280254777,-0.20656414964425074,NEXT,6.369999885559082,6.400000095367432,6.289999961853027,6.329999923706055,6.329999923706055,15300,-0.09999990463256836,-0.015384600712702867
84,2018-08-10,6,0.022656050955414012,0.028926815157651165,NEXT,6.269999980926514,6.360000133514404,6.079999923706055,6.349999904632568,6.349999904632568,6600,-0.039999961853027344,-0.006249993946403354
85,2018-08-16,1,0.019471337579617835,0.10881392818280733,NEXT,6.179999828338623,6.349999904632568,6.135000228881836,6.329999923706055,6.329999923706055,17300,-0.010000228881835938,-0.0015723629987268728
86,2018-08-21,1,0.019471337579617835,0.0,NEXT,6.409999847412109,6.539999961853027,6.40500020980835,6.449999809265137,6.449999809265137,30400,0.19000005722045898,0.029921269302987996
87,2018-08-23,-2,0.017560509554140128,-0.09813542688910692,NEXT,6.449999809265137,6.53000020980835,6.150000095367432,6.449999809265137,6.449999809265137,14100,-0.009999752044677734,-0.0015290140830283017
88,2018-08-24,1,0.019471337579617835,0.10881392818280733,NEXT,6.5,6.539999961853027,6.449999809265137,6.480000019073486,6.480000019073486,16500,0.009999752044677734,0.0015313555472260543
89,2018-08-31,1,0.019471337579617835,0.0,NEXT,6.690000057220459,6.860000133514404,6.6579999923706055,6.789999961853027,6.789999961853027,27000,0.32000017166137695,0.04892969014188009
90,2018-09-06,22,0.032847133757961784,2.8002947678703025,NEXT,5.829999923706055,5.900000095367432,5.000999927520752,5.159999847412109,5.159999847412109,705000,-0.9600000381469727,-0.13994169379923338
91,2018-09-07,16,0.02902547770700637,-0.11634671320535195,NEXT,4.96999979019165,4.989999771118164,4.889999866485596,4.929999828338623,4.929999828338623,69600,-0.9100003242492676,-0.15423734060000827
92,2018-09-10,4,0.02138216560509554,-0.26333113890717585,NEXT,5.190000057220459,5.190000057220459,4.800000190734863,4.909999847412109,4.909999847412109,66700,0.20000028610229492,0.040080219494174285
93,2018-09-13,6,0.022656050955414012,0.0595770032767351,NEXT,4.75,5.010000228881836,4.46999979019165,4.519999980926514,4.519999980926514,71100,-0.17999982833862305,-0.034682047467071375
94,2018-09-14,2,0.02010828025477707,-0.1124543154343548,NEXT,4.489999771118164,4.769999980926514,4.369999885559082,4.409999847412109,4.409999847412109,47800,-0.24000024795532227,-0.04790423892034179
95,2018-09-18,1,0.019471337579617835,-0.031675641431738955,NEXT,4.289999961853027,4.619999885559082,4.28000020980835,4.409999847412109,4.409999847412109,76900,-0.15000009536743164,-0.03144656099941867
96,2018-09-20,24,0.034121019108280255,0.75237160614982,NEXT,4.449999809265137,4.659999847412109,4.199999809265137,4.28000020980835,4.28000020980835,82200,0.039999961853027344,0.00865800061555344
97,2018-09-21,1,0.019471337579617835,-0.42934478252753405,NEXT,4.28000020980835,4.787000179290772,4.28000020980835,4.690000057220459,4.690000057220459,190100,0.127000331878663,0.027253290995104207
98,2018-09-26,1,0.019471337579617835,0.0,NEXT,5.269999980926514,5.5,4.949999809265137,5.329999923706055,5.329999923706055,81100,0.7129998207092276,0.1489450165040236
99,2018-10-02,1,0.019471337579617835,-0.031675641431738955,NEXT,5.486000061035156,5.559999942779541,5.449999809265137,5.519999980926514,5.519999980926514,47900,0.059999942779541016,0.010909080505371094
100,2018-10-04,2,0.02010828025477707,0.032711808963035605,NEXT,5.5,5.610000133514404,5.449999809265137,5.510000228881836,5.510000228881836,20400,0.05000019073486328,0.008992840152776571
101,2018-10-05,1,0.019471337579617835,-0.031675641431738955,NEXT,5.519999980926514,5.539999961853027,5.449999809265137,5.489999771118164,5.489999771118164,136000,-0.07000017166137695,-0.012477748662284793
102,2018-10-08,33,0.039853503184713375,1.0467778868171411,NEXT,5.5,5.519999980926514,5.449999809265137,5.460000038146973,5.460000038146973,8800,-0.019999980926513672,-0.0036101048852397177
103,2018-10-19,6,0.022656050955414012,-0.4315167012945501,NEXT,5.239999771118164,5.380000114440918,5.150000095367432,5.199999809265137,5.199999809265137,64300,-0.1399998664855957,-0.025362294740823077
104,2018-10-29,1,0.019471337579617835,-0.14056789429294347,NEXT,5.158999919891357,5.158999919891357,4.889999866485596,5.099999904632568,5.099999904632568,81600,-0.22100019454956055,-0.04107810220233177
105,2018-10-30,17,0.029662420382165607,0.5233889434085706,NEXT,4.96999979019165,5.130000114440918,4.96999979019165,5.059999942779541,5.059999942779541,27800,-0.028999805450439453,-0.0056212068037888585
106,2018-10-31,1,0.019471337579617835,-0.3435688211294825,NEXT,5.046999931335449,5.199999809265137,5.0,5.190000057220459,5.190000057220459,26000,0.06999969482421875,0.013645164378685015
107,2018-11-01,266,0.18826114649681527,8.668629375204448,NEXT,5.170000076293945,5.239999771118164,5.159999847412109,5.239999771118164,5.239999771118164,6500,0.039999961853027344,0.0076923006385032355
108,2018-11-02,35,0.041127388535031846,-0.7815407517677707,NEXT,5.210000038146973,5.239999771118164,5.159999847412109,5.179999828338623,5.179999828338623,3900,0.0,0.0
109,2018-11-05,12,0.02647770700636943,-0.3562025708533374,NEXT,5.179999828338623,5.179999828338623,4.929999828338623,4.940000057220459,4.940000057220459,47700,-0.059999942779541016,-0.011450371259603576
110,2018-11-06,2,0.02010828025477707,-0.24055809477988943,NEXT,4.949999809265137,5.0,4.849999904632568,4.989999771118164,4.989999771118164,17600,-0.17999982833862305,-0.034749002761329084
111,2018-11-12,8,0.023929936305732483,0.19005384859043395,NEXT,5.0,5.0,4.849999904632568,4.869999885559082,4.869999885559082,5900,0.0,0.0
112,2018-11-15,16,0.02902547770700637,0.21293585307426155,NEXT,4.739999771118164,4.820000171661377,4.696000099182129,4.809999942779541,4.809999942779541,7100,-0.17999982833862305,-0.035999965667724565
113,2018-11-19,10,0.025203821656050958,-0.13166556945358787,NEXT,4.690000057220459,4.900000095367432,4.662000179290772,4.880000114440918,4.880000114440918,4200,0.07999992370605469,0.016597493953715015
114,2018-11-20,7,0.023292993630573248,-0.07581501137225177,NEXT,4.813000202178955,4.900000095367432,4.590000152587891,4.75,4.75,20200,0.0,0.0
115,2018-11-21,2,0.02010828025477707,-0.1367240907847963,NEXT,4.829999923706055,4.840000152587891,4.695000171661377,4.820000171661377,4.820000171661377,9100,-0.059999942779541016,-0.012244886043219938
116,2018-11-27,1,0.019471337579617835,-0.14056789429294347,NEXT,4.739999771118164,4.880000114440918,4.739999771118164,4.800000190734863,4.800000190734863,3400,0.039999961853027344,0.008264454667762822
117,2018-11-30,24,0.034121019108280255,0.75237160614982,NEXT,4.96999979019165,5.150000095367432,4.949999809265137,5.03000020980835,5.03000020980835,78100,0.26999998092651367,0.05532786364646358
118,2018-12-03,1,0.019471337579617835,-0.42934478252753405,NEXT,5.070000171661377,5.349999904632568,4.869999885559082,4.980000019073486,4.980000019073486,28300,0.19999980926513672,0.03883491370127201
119,2018-12-06,1,0.019471337579617835,0.0,NEXT,4.949999809265137,4.949999809265137,4.590000152587891,4.730000019073486,4.730000019073486,34700,-0.40000009536743164,-0.0747663742986372
120,2018-12-12,1,0.019471337579617835,0.0,NEXT,4.71999979019165,4.739999771118164,4.679999828338623,4.699999809265137,4.699999809265137,8300,-0.21000003814697266,-0.04242425176540532
121,2018-12-19,-2,0.017560509554140128,-0.09813542688910692,NEXT,5.196000099182129,5.454999923706055,5.196000099182129,5.369999885559082,5.369999885559082,25300,0.7150001525878906,0.15084392133192503
122,2019-01-03,15,0.028388535031847136,0.6166122597025754,NEXT,4.980000019073486,4.980000019073486,4.510000228881836,4.510000228881836,4.510000228881836,23200,-0.47499990463256836,-0.08707606072886243
123,2019-01-07,4,0.02138216560509554,-0.24680278214045326,NEXT,4.710000038146973,4.849999904632568,4.53000020980835,4.659999847412109,4.659999847412109,27300,-0.13000011444091797,-0.026104440550806296
124,2019-01-24,12,0.02647770700636943,0.31675641431739,NEXT,4.119999885559082,4.284999847412109,4.099999904632568,4.190000057220459,4.190000057220459,13200,-0.565000057220459,-0.11649485944954119
125,2019-01-28,4,0.02138216560509554,-0.211416490486258,NEXT,4.260000228881836,4.267000198364258,3.900000095367432,3.9700000286102295,3.9700000286102295,37900,-0.017999649047851562,-0.004200618363784159
126,2019-02-08,2,0.02010828025477707,-0.18148820326678772,NEXT,3.390000104904175,3.430000066757202,3.240000009536743,3.2699999809265137,3.2699999809265137,27400,-0.8370001316070557,-0.19615657199357928
127,2019-02-14,2,0.02010828025477707,0.0,NEXT,3.289999961853028,3.3550000190734863,3.2300000190734863,3.2699999809265137,3.2699999809265137,88400,-0.07500004768371582,-0.02186590268921551
128,2019-02-25,3,0.020745222929936306,-0.05785363031530222,NEXT,3.430000066757202,3.5899999141693115,3.400000095367432,3.4600000381469727,3.4600000381469727,25700,0.2349998950958252,0.0700446777227508
129,2019-02-26,8,0.023929936305732483,0.15351550506601153,NEXT,3.390000104904175,3.5999999046325684,3.369999885559082,3.5999999046325684,3.5999999046325684,27200,0.009999990463256836,0.002785512730456574
130,2019-03-05,3,0.020745222929936306,-0.49558618553507816,NEXT,4.21999979019165,4.828999996185303,4.21999979019165,4.5,4.5,146000,1.2290000915527344,0.341388923363922
131,2019-03-07,6,0.022656050955414012,0.09210930303960696,NEXT,4.349999904632568,4.697999954223633,3.7200000286102295,4.119999885559082,4.119999885559082,131600,-0.13100004196166992,-0.02712777843552583
132,2019-03-11,3,0.020745222929936306,-0.08434073657576613,NEXT,4.300000190734863,4.440000057220459,4.163000106811523,4.429999828338623,4.429999828338623,13300,-0.25799989700317383,-0.05491696456302109
133,2019-03-13,2,0.02010828025477707,-0.030703101013202283,NEXT,4.619999885559082,4.619999885559082,4.439000129699707,4.53000020980835,4.53000020980835,5800,0.17999982833862305,0.04054050135560283
134,2019-03-20,45,0.0474968152866242,1.3620525815647766,NEXT,4.980000019073486,4.980000019073486,4.309999942779541,4.320000171661377,4.320000171661377,40100,0.3600001335144043,0.07792210875148964
135,2019-03-28,1,0.019471337579617835,-0.5900496178087702,NEXT,4.949999809265137,5.090000152587891,4.949999809265137,5.059999942779541,5.059999942779541,22400,0.1100001335144043,0.022088380139177133
136,2019-04-11,2,0.02010828025477707,-0.1367240907847963,NEXT,5.210000038146973,5.429999828338623,5.099999904632568,5.28000020980835,5.28000020980835,7400,0.3399996757507324,0.06679757673049735
137,2019-04-16,3,0.020745222929936306,0.031675641431738955,NEXT,5.179999828338623,5.389999866485596,5.03000020980835,5.309999942779541,5.309999942779541,23200,-0.039999961853027344,-0.007366475712259013
138,2019-04-22,18,0.030299363057324842,0.460546515198035,NEXT,5.159999847412109,5.269000053405762,5.159999847412109,5.170000076293945,5.170000076293945,12600,-0.12099981307983398,-0.022448945468848125
139,2019-04-23,3,0.020745222929936306,-0.3153247845280639,NEXT,5.21999979019165,5.389999866485596,5.170000076293945,5.389999866485596,5.389999866485596,25100,0.12099981307983398,0.022964473686353903
140,2019-04-24,6,0.022656050955414012,0.09210930303960696,NEXT,5.369999885559082,5.369999885559082,5.21999979019165,5.21999979019165,5.21999979019165,5100,-0.019999980926513672,-0.0037105716923800935
141,2019-04-25,1,0.019471337579617835,-0.14056789429294347,NEXT,5.289999961853027,5.553999900817871,5.25,5.300000190734863,5.300000190734863,14600,0.18400001525878906,0.03426443560149761
142,2019-04-29,2,0.02010828025477707,0.032711808963035605,NEXT,5.519999980926514,5.820000171661377,5.360000133514404,5.75,5.75,26000,0.26600027084350586,0.04789345977559978
143,2019-05-03,4,0.02138216560509554,0.06335128286347791,NEXT,5.420000076293945,5.559999942779541,5.334000110626221,5.440000057220459,5.440000057220459,20300,-0.26000022888183594,-0.04467357752802548
144,2019-05-07,3,0.020745222929936306,-0.02978850163836755,NEXT,5.545000076293945,5.735000133514404,5.380000114440918,5.380000114440918,5.380000114440918,26100,0.17500019073486328,0.03147485477263823
145,2019-05-08,11,0.025840764331210193,0.2456248081056187,NEXT,5.309999942779541,5.5,5.309999942779541,5.449999809265137,5.449999809265137,20700,-0.2350001335144043,-0.04097648265796927
146,2019-05-15,1,0.019471337579617835,-0.24648755237860498,NEXT,5.400000095367432,5.940000057220459,5.389999866485596,5.880000114440918,5.880000114440918,43500,0.440000057220459,0.08000001040371973
147,2019-05-17,12,0.02647770700636943,0.3598298985933923,NEXT,5.5,5.89900016784668,5.369999885559082,5.429999828338623,5.429999828338623,22000,-0.0409998893737793,-0.00690233821192332
148,2019-05-20,1,0.019471337579617835,-0.26461390425787834,NEXT,5.46999979019165,5.53000020980835,5.199999809265137,5.429999828338623,5.429999828338623,25900,-0.3689999580383301,-0.06255296618732364
149,2019-05-24,7,0.023292993630573248,0.19627085377821385,NEXT,5.545000076293945,5.679999828338623,5.170000076293945,5.409999847412109,5.409999847412109,23000,0.14999961853027344,0.027124703949237716
150,2019-06-03,5,0.022019108280254777,0.13084723585214264,NEXT,5.429999828338623,5.550000190734863,5.300000190734863,5.420000076293945,5.420000076293945,11100,-0.12999963760375977,-0.022887260833207468
151,2019-06-06,1,0.019471337579617835,-0.11570726063060455,NEXT,5.78000020980835,5.960000038146973,5.480000019073486,5.880000114440918,5.880000114440918,38000,0.4099998474121094,0.07387384384176432
152,2019-06-11,3,0.020745222929936306,0.18135654697134562,NEXT,5.900000095367432,5.900000095367432,5.599999904632568,5.800000190734863,5.800000190734863,23200,-0.059999942779541016,-0.010067104428777118
153,2019-06-13,10,0.025203821656050958,0.21492170709241654,NEXT,5.75,6.099999904632568,5.664999961853027,5.980000019073486,5.980000019073486,45700,0.19999980926513672,0.03389827220887209
154,2019-06-14,7,0.023292993630573248,-0.07581501137225177,NEXT,5.929999828338623,6.300000190734863,5.920000076293945,6.210000038146973,6.210000038146973,59600,0.20000028610229492,0.03278693266050836
155,2019-06-17,1,0.019471337579617835,-0.16406890894175552,NEXT,6.300000190734863,6.489999771118164,6.0,6.349999904632568,6.349999904632568,83500,0.18999958038330078,0.030158662639840017
156,2019-06-24,22,0.032847133757961784,0.6869479882237488,NEXT,6.039999961853027,6.320000171661377,6.039999961853027,6.210000038146973,6.210000038146973,25400,-0.1699995994567871,-0.026194084045013444
157,2019-06-25,17,0.029662420382165607,-0.09695559433779322,NEXT,6.150000095367432,6.150000095367432,5.840000152587891,6.090000152587891,6.090000152587891,25900,-0.1700000762939453,-0.026898745518428746
158,2019-07-01,2,0.02010828025477707,-0.3220957698088899,NEXT,6.300000190734863,6.300000190734863,5.900000095367432,5.900000095367432,5.900000095367432,77600,0.15000009536743164,0.02439025903112113
159,2019-07-03,2,0.02010828025477707,0.0,NEXT,5.940000057220459,6.130000114440918,5.869999885559082,6.010000228881836,6.010000228881836,5200,-0.1700000762939453,-0.026984138277322156
160,2019-07-10,4,0.02138216560509554,0.06335128286347791,NEXT,5.89900016784668,5.980000019073486,5.869999885559082,5.960000038146973,5.960000038146973,27300,-0.15000009536743164,-0.02446983565531502
161,2019-07-11,10,0.025203821656050958,0.17873100983020573,NEXT,5.96999979019165,6.190999984741211,5.855000019073486,5.889999866485596,5.889999866485596,11000,0.2109999656677246,0.03528427508273091
162,2019-07-12,4,0.02138216560509554,-0.15163002274450355,NEXT,5.938000202178955,6.099999904632568,5.820000171661377,5.860000133514404,5.860000133514404,35100,-0.09100008010864258,-0.014698769234845366
163,2019-07-18,257,0.18252866242038215,7.5364909145070005,NEXT,5.21999979019165,5.300000190734863,5.070000171661377,5.130000114440918,5.130000114440918,10600,-0.7999997138977051,-0.13114749613195165
164,2019-07-19,7,0.023292993630573248,-0.8723872003349966,NEXT,5.079999923706055,5.309999942779541,5.079999923706055,5.150000095367432,5.150000095367432,33600,0.009999752044677734,0.0018867456009075134
165,2019-07-25,1,0.019471337579617835,-0.16406890894175552,NEXT,5.03000020980835,5.099999904632568,4.920000076293945,4.96999979019165,4.96999979019165,13200,-0.21000003814697266,-0.0395480302090262
166,2019-07-30,2,0.02010828025477707,0.0,NEXT,4.949999809265137,5.090000152587891,4.789999961853027,5.010000228881836,5.010000228881836,16200,-0.009999752044677734,-0.0019607357316996366
167,2019-08-05,3,0.020745222929936306,-0.5179813526713037,NEXT,4.599999904632568,4.599999904632568,4.309999942779541,4.449999809265137,4.449999809265137,18600,-0.49000024795532227,-0.09626723639805657
168,2019-08-06,4,0.02138216560509554,0.030703101013202394,NEXT,4.489999771118164,4.724999904632568,4.409999847412109,4.489999771118164,4.489999771118164,16400,0.125,0.027173913606849176
169,2019-08-08,16,0.02902547770700637,0.35746201966041125,NEXT,4.650000095367432,4.90500020980835,4.646999835968018,4.71999979019165,4.71999979019165,37800,0.18000030517578125,0.03809530345160472
170,2019-08-09,2,0.02010828025477707,-0.3072196620583718,NEXT,4.800000190734863,4.829999923706055,4.599999904632568,4.650000095367432,4.650000095367432,27000,-0.07500028610229492,-0.015290577552335205
171,2019-08-13,1,0.019471337579617835,-0.031675641431738955,NEXT,4.724999904632568,4.743000030517578,4.53000020980835,4.610000133514404,4.610000133514404,16600,-0.08699989318847656,-0.018012400530582506
172,2019-08-15,1,0.019471337579617835,0.0,NEXT,4.440000057220459,4.610000133514404,4.440000057220459,4.5,4.5,8200,-0.13299989700317383,-0.028041302160535797
173,2019-08-16,55,0.053866242038216564,1.7664376840039258,NEXT,4.510000228881836,4.800000190734863,4.510000228881836,4.650000095367432,4.650000095367432,17900,0.19000005722045898,0.04121476176088823
174,2019-08-20,1,0.019471337579617835,-0.14056789429294347,NEXT,4.639999866485596,4.710000038146973,4.539999961853027,4.579999923706055,4.579999923706055,7700,-0.09000015258789062,-0.01875003104408457
175,2019-08-23,8,0.023929936305732483,0.22898266274124945,NEXT,5.139999866485596,5.139999866485596,4.480000019073486,4.769999980926514,4.769999980926514,60200,0.42999982833862305,0.09129507958725958
176,2019-08-26,9,0.024566878980891722,0.22172949002217313,NEXT,4.75,4.860000133514404,4.505000114440918,4.860000133514404,4.860000133514404,6100,-0.2799997329711914,-0.05447465763508619
177,2019-08-27,1,0.019471337579617835,-0.20741508944775744,NEXT,5.010000228881836,5.150000095367432,4.809999942779541,5.070000171661377,5.070000171661377,42200,0.28999996185302734,0.05967077240455132
178,2019-08-30,1,0.019471337579617835,0.0,NEXT,5.489999771118164,6.53000020980835,5.369999885559082,5.610000133514404,5.610000133514404,50200,1.380000114440918,0.26796118230798993
179,2019-09-04,13,0.027114649681528664,0.3925417075564279,NEXT,5.559999942779541,5.744999885559082,5.269999980926514,5.269999980926514,5.269999980926514,14400,-0.7850003242492676,-0.12021444089238498
180,2019-09-05,4,0.02138216560509554,-0.211416490486258,NEXT,5.369999885559082,5.670000076293945,5.230000019073486,5.590000152587891,5.590000152587891,18900,-0.07499980926513672,-0.013054797347108793
181,2019-09-06,7,0.023292993630573248,0.08936550491510276,NEXT,5.539999961853027,5.960000038146973,5.539999961853027,5.860000133514404,5.860000133514404,26700,0.28999996185302734,0.05114637706364533
182,2019-09-09,1,0.019471337579617835,-0.16406890894175552,NEXT,6.050000190734863,6.460000038146973,5.909999847412109,6.300000190734863,6.300000190734863,63100,0.5,0.08389261691270988
183,2019-09-10,3,0.020745222929936306,0.06542361792607121,NEXT,6.300000190734863,6.570000171661377,6.090000152587891,6.349999904632568,6.349999904632568,50600,0.1100001335144043,0.01702788434440272
184,2019-09-16,1,0.019471337579617835,-0.031675641431738955,NEXT,6.130000114440918,6.429999828338623,5.869999885559082,6.25,6.25,34700,-0.1400003433227539,-0.021309031912453036
185,2019-09-18,1,0.019471337579617835,0.0,NEXT,6.550000190734863,6.650000095367432,6.269999980926514,6.460000038146973,6.460000038146973,59400,0.2200002670288086,0.0342146614155745
186,2019-09-19,0,0.0188343949044586,-0.032711808963035605,NEXT,6.489999771118164,6.550000190734863,6.3979997634887695,6.429999828338623,6.429999828338623,40700,-0.09999990463256836,-0.01503757942834183
187,2019-09-20,2,0.02010828025477707,0.06763611768684474,NEXT,6.260000228881836,6.627999782562256,6.099999904632568,6.119999885559082,6.119999885559082,89500,0.07799959182739258,0.011908334283367683
188,2019-09-25,1,0.019471337579617835,0.0,NEXT,5.349999904632568,5.590000152587891,5.349999904632568,5.489999771118164,5.489999771118164,22900,-1.0379996299743652,-0.1566082776141997
189,2019-09-27,5,0.022019108280254777,0.13084723585214264,NEXT,5.559999942779541,6.079999923706055,5.5,5.53000020980835,5.53000020980835,11800,0.48999977111816406,0.08765648617940003
190,2019-10-02,3,0.020745222929936306,-0.05785363031530222,NEXT,5.800000190734863,5.869999885559082,5.599999904632568,5.679999828338623,5.679999828338623,32200,-0.21000003814697266,-0.034539480391796995
191,2019-10-03,1,0.019471337579617835,-0.06140620202640468,NEXT,5.679999828338623,6.0,5.610000133514404,5.980000019073486,5.980000019073486,12600,0.13000011444091797,0.022146527593762677
192,2019-10-04,2,0.02010828025477707,0.032711808963035605,NEXT,6.050000190734863,6.099999904632568,6.013000011444092,6.090000152587891,6.090000152587891,19500,0.09999990463256836,0.016666650772094727
193,2019-10-07,6,0.022656050955414012,0.12670256572695604,NEXT,6.099999904632568,6.099999904632568,6.0,6.099999904632568,6.099999904632568,14200,0.0,0.0
194,2019-10-11,11,0.025840764331210193,0.14056789429294358,NEXT,6.409999847412109,6.590000152587891,6.269999980926514,6.269999980926514,6.269999980926514,26400,0.49000024795532227,0.08032791075671941
195,2019-10-15,5,0.022019108280254777,-0.14789253142716297,NEXT,6.389999866485596,6.71999979019165,6.2820000648498535,6.53000020980835,6.53000020980835,10300,0.12999963760375977,0.019726803428480766
196,2019-10-22,2,0.02010828025477707,-0.08678044547295338,NEXT,6.599999904632568,6.599999904632568,5.610000133514404,6.340000152587891,6.340000152587891,10800,-0.11999988555908203,-0.017857126384770328
197,2019-10-23,2,0.02010828025477707,0.0,NEXT,6.176000118255615,6.285999774932861,5.980000019073486,6.25,6.25,7400,-0.31400012969970703,-0.04757577791467982
198,2019-10-24,5,0.022019108280254777,0.09502692429521686,NEXT,6.300000190734863,6.329999923706055,6.159999847412109,6.260000228881836,6.260000228881836,38100,0.04400014877319336,0.006999705750651675
199,2019-10-30,1,0.019471337579617835,-0.11570726063060455,NEXT,6.164999961853027,6.300000190734863,6.110000133514404,6.150000095367432,6.150000095367432,13700,-0.029999732971191406,-0.004739294365366686
200,2019-11-01,1,0.019471337579617835,0.0,NEXT,6.014999866485596,6.349999904632568,6.014999866485596,6.059999942779541,6.059999942779541,34900,0.04999971389770508,0.007936462283165913
201,2019-11-05,1,0.019471337579617835,0.0,NEXT,6.059999942779541,6.179999828338623,6.059999942779541,6.119999885559082,6.119999885559082,12100,-0.1700000762939453,-0.026771665960171664
202,2019-11-07,4,0.02138216560509554,0.09813542688910704,NEXT,6.099999904632568,6.314000129699707,6.099999904632568,6.150000095367432,6.150000095367432,17600,0.13400030136108398,0.02168289726265371
203,2019-11-12,14,0.0277515923566879,0.2978850163836759,NEXT,6.179999828338623,6.360000133514404,6.135000228881836,6.260000228881836,6.260000228881836,33100,0.046000003814697266,0.007285397983811004
204,2019-11-13,2,0.02010828025477707,-0.27541886619233424,NEXT,6.230000019073486,6.295000076293945,6.199999809265137,6.239999771118164,6.239999771118164,21300,-0.06500005722045898,-0.010220134568541428
205,2019-11-15,8,0.023929936305732483,0.19005384859043395,NEXT,6.309999942779541,6.449999809265137,6.28000020980835,6.340000152587891,6.340000152587891,56100,0.1549997329711914,0.02462267372400806
206,2019-11-19,1,0.019471337579617835,-0.18631887143997872,NEXT,6.400000095367432,6.579999923706055,6.369999885559082,6.519999980926514,6.519999980926514,121500,0.13000011444091797,0.02015505709847898
207,2019-11-21,1,0.019471337579617835,0.0,NEXT,6.630000114440918,6.710999965667725,6.35099983215332,6.480000019073486,6.480000019073486,61300,0.13100004196166992,0.019908821197658355
208,2019-12-02,91,0.07679617834394904,-0.7376460604478099,NEXT,6.510000228881836,6.510000228881836,6.25,6.309999942779541,6.309999942779541,14900,-0.20099973678588867,-0.029950787932374823
209,2019-12-06,-1,0.018197452229299364,-0.7630422161400017,NEXT,6.320000171661377,6.510000228881836,6.284999847412109,6.400000095367432,6.400000095367432,34100,0.0,0.0
210,2019-12-11,44,0.046859872611464966,1.5750787539376967,NEXT,6.25,6.25,6.0,6.059999942779541,6.059999942779541,28100,-0.26000022888183594,-0.039938589821907566
211,2019-12-12,1,0.019471337579617835,-0.5844773684925921,NEXT,6.099999904632568,6.275000095367432,6.050000190734863,6.25,6.25,12700,0.02500009536743164,0.004000015258789125
212,2019-12-31,1,0.019471337579617835,0.0,NEXT,6.039999961853027,6.150000095367432,6.0,6.139999866485596,6.139999866485596,19000,-0.125,-0.019920318422350647
213,2020-01-06,11,0.025840764331210193,0.3271180896303567,NEXT,6.010000228881836,6.010000228881836,5.920000076293945,5.929999828338623,5.929999828338623,27500,-0.1399998664855957,-0.022764205579614893
214,2020-01-08,5,0.022019108280254777,-0.14789253142716297,NEXT,5.949999809265137,6.230000019073486,5.900000095367432,5.980000019073486,5.980000019073486,25600,0.2199997901916504,0.036605620933991556
215,2020-01-14,3,0.020745222929936306,-0.05785363031530222,NEXT,5.900000095367432,5.960000038146973,5.769999980926514,5.809999942779541,5.809999942779541,11600,-0.26999998092651367,-0.04333868059388346
216,2020-01-15,1,0.019471337579617835,-0.06140620202640468,NEXT,5.809999942779541,6.039999961853027,5.809999942779541,5.860000133514404,5.860000133514404,35800,0.07999992370605469,0.013422805905036084
217,2020-01-16,-2,0.017560509554140128,-0.09813542688910692,NEXT,5.929999828338623,6.070000171661377,5.809999942779541,5.869999885559082,5.869999885559082,15800,0.03000020980834961,0.004966922185069889
218,2020-01-17,1,0.019471337579617835,0.10881392818280733,NEXT,5.940000057220459,5.940000057220459,5.670000076293945,5.670000076293945,5.670000076293945,22900,-0.13000011444091797,-0.021416822201726027
219,2020-01-22,1,0.019471337579617835,0.0,NEXT,5.449999809265137,5.599999904632568,5.320000171661377,5.349999904632568,5.349999904632568,33700,-0.3400001525878906,-0.05723908237586606
220,2020-01-23,1,0.019471337579617835,0.0,NEXT,5.260000228881836,5.46999979019165,5.25,5.28000020980835,5.28000020980835,20700,-0.13000011444091797,-0.023214306545501162
221,2020-01-24,2,0.02010828025477707,0.032711808963035605,NEXT,5.260000228881836,5.324999809265137,4.909999847412109,4.949999809265137,4.949999809265137,63100,-0.14499998092651367,-0.02650822422087029
222,2020-01-28,-1,0.018197452229299364,-0.09502692429521697,NEXT,5.0,5.179999828338623,4.840000152587891,4.900000095367432,4.900000095367432,9500,-0.14499998092651367,-0.02723004434182774
223,2020-01-29,3,0.020745222929936306,0.14000700035001756,NEXT,4.78000020980835,5.099999904632568,4.75,4.989999771118164,4.989999771118164,21700,-0.07999992370605469,-0.01544400122725742
224,2020-01-30,1,0.019471337579617835,-0.06140620202640468,NEXT,5.019999980926514,5.059999942779541,4.900000095367432,5.03000020980835,5.03000020980835,9200,-0.039999961853027344,-0.007843129921765946
225,2020-01-31,4,0.02138216560509554,0.09813542688910704,NEXT,5.010000228881836,5.010000228881836,4.75,4.889999866485596,4.889999866485596,51400,-0.04999971389770508,-0.00988136649468807
226,2020-02-03,4,0.02138216560509554,-0.028926815157651165,NEXT,4.889999866485596,5.019999980926514,4.800000190734863,4.949999809265137,4.949999809265137,20500,0.009999752044677734,0.0019959584007662734
227,2020-02-04,3,0.020745222929936306,-0.02978850163836755,NEXT,4.900000095367432,5.070000171661377,4.849999904632568,4.889999866485596,4.889999866485596,39000,0.05000019073486328,0.009960197395386228
228,2020-02-05,2,0.02010828025477707,-0.030703101013202283,NEXT,5.090000152587891,5.144999980926514,4.900000095367432,4.980000019073486,4.980000019073486,25300,0.07499980926513672,0.014792861287134862
229,2020-02-06,2,0.02010828025477707,0.0,NEXT,5.0,5.010000228881836,4.670000076293945,4.699999809265137,4.699999809265137,23500,-0.13499975204467773,-0.026239018959212324
230,2020-02-07,3,0.020745222929936306,0.031675641431738955,NEXT,4.71999979019165,4.78000020980835,4.579999923706055,4.760000228881836,4.760000228881836,15900,-0.23000001907348633,-0.045908185342502295
231,2020-02-10,1,0.019471337579617835,-0.06140620202640468,NEXT,4.760000228881836,4.809999942779541,4.650000095367432,4.679999828338623,4.679999828338623,16300,0.029999732971191406,0.006276094488371298
232,2020-02-11,13,0.027114649681528664,0.3925417075564279,NEXT,4.63100004196167,4.800000190734863,4.630000114440918,4.690000057220459,4.690000057220459,40100,-0.009999752044677734,-0.0020789505537704978
233,2020-02-12,1,0.019471337579617835,-0.2818886539816773,NEXT,4.769999980926514,4.909999847412109,4.699999809265137,4.869999885559082,4.869999885559082,36700,0.1099996566772461,0.02291659423046921
234,2020-02-14,12,0.02647770700636943,0.3598298985933923,NEXT,5.079999923706055,5.079999923706055,4.78000020980835,4.840000152587891,4.840000152587891,57600,0.1700000762939453,0.03462323453707361
235,2020-02-18,31,0.038579617834394904,0.4570603800817896,NEXT,4.769999980926514,4.78000020980835,4.630000114440918,4.659999847412109,4.659999847412109,18600,-0.2999997138977051,-0.059055062677804915
236,2020-02-19,2,0.02010828025477707,-0.47878487700181604,NEXT,4.639999866485596,4.849999904632568,4.539999961853027,4.840000152587891,4.840000152587891,39400,0.06999969482421875,0.01464428697734843
237,2020-02-20,2,0.02010828025477707,0.0,NEXT,4.75,5.099999904632568,4.603000164031982,5.039999961853027,5.039999961853027,47300,0.25,0.05154639276615414
238,2020-02-21,2,0.02010828025477707,0.0,NEXT,5.039999961853027,5.039999961853027,4.760000228881836,4.78000020980835,4.78000020980835,33000,-0.059999942779541016,-0.011764694882648974
239,2020-02-25,1,0.019471337579617835,0.0,NEXT,4.579999923706055,4.678999900817871,4.369999885559082,4.489999771118164,4.489999771118164,35700,-0.36100006103515625,-0.07162699677926776
240,2020-02-26,5,0.022019108280254777,0.13084723585214264,NEXT,4.489999771118164,4.508999824523926,4.25,4.360000133514404,4.360000133514404,37200,-0.1700000762939453,-0.03633256676586594
241,2020-02-27,1,0.019471337579617835,-0.11570726063060455,NEXT,4.300000190734863,4.300000190734863,3.829999923706055,4.0,4.0,34900,-0.2089996337890625,-0.04635166154860726
242,2020-02-28,1,0.019471337579617835,0.0,NEXT,3.680000066757202,4.0,3.680000066757202,3.829999923706055,3.829999923706055,62600,-0.3000001907348633,-0.06976748312273762
243,2020-03-02,1,0.019471337579617835,0.0,NEXT,3.890000104904175,3.890000104904175,2.309999942779541,2.75,2.75,167800,-0.1099998950958252,-0.0274999737739563
244,2020-03-03,31,0.038579617834394904,0.9813542688910697,NEXT,2.940000057220459,2.940000057220459,2.759999990463257,2.7799999713897705,2.7799999713897705,91700,-0.9500000476837158,-0.24421594397543545
245,2020-03-04,1,0.019471337579617835,-0.4952947003467063,NEXT,2.509999990463257,2.900000095367432,2.440000057220459,2.650000095367432,2.650000095367432,72800,-0.0399999618530269,-0.013605428936910857
246,2020-03-05,3,0.020745222929936306,0.06542361792607121,NEXT,2.5999999046325684,2.650000095367432,2.380000114440918,2.430000066757202,2.430000066757202,50300,-0.25,-0.0862068937167827
247,2020-03-06,11,0.025840764331210193,0.2456248081056187,NEXT,2.5199999809265137,2.5739998817443848,2.049999952316284,2.109999895095825,2.109999895095825,50500,-0.07600021362304732,-0.028679324863386313
248,2020-03-09,2,0.02010828025477707,0.032711808963035605,NEXT,1.8799999952316284,2.039999961853028,1.5,2.0199999809265137,2.0199999809265137,59200,-0.533999919891357,-0.2074591858681316
249,2020-03-10,1,0.019471337579617835,-0.031675641431738955,NEXT,2.240000009536743,2.240000009536743,2.0299999713897705,2.0999999046325684,2.0999999046325684,71200,0.20000004768371538,0.09803924089392924
250,2020-03-11,5,0.022019108280254777,0.13084723585214264,NEXT,2.0999999046325684,2.119999885559082,1.7799999713897705,1.830000042915344,1.830000042915344,99200,-0.12000012397766113,-0.05357148369051945
251,2020-03-12,1,0.019471337579617835,-0.11570726063060455,NEXT,1.75,1.756999969482422,1.5,1.5099999904632568,1.5099999904632568,42300,-0.36299991607665993,-0.17122638475092666
252,2020-03-13,1,0.019471337579617835,0.0,NEXT,1.7200000286102295,1.996999979019165,1.6230000257492063,1.7799999713897705,1.7799999713897705,61300,0.24000000953674294,0.136596479058245
253,2020-03-16,2,0.02010828025477707,-0.3631228565664717,NEXT,1.590000033378601,1.7400000095367432,1.2000000476837158,1.2100000381469729,1.2100000381469729,69900,-0.2569999694824219,-0.1286930256296991
254,2020-03-17,-7,0.01437579617834395,-0.2850807728856509,NEXT,1.25,2.0199999809265137,1.25,2.0199999809265137,2.0199999809265137,68800,0.2799999713897705,0.1609195229052427
255,2020-03-18,2,0.02010828025477707,0.39875941515285773,NEXT,2.25,2.4100000858306885,1.5169999599456787,1.5399999618530271,1.5399999618530271,76300,0.3900001049041748,0.1930693606864755
256,2020-03-19,16,0.02902547770700637,0.44345898004434603,NEXT,1.5399999618530271,1.9299999475479128,1.5,1.9299999475479128,1.9299999475479128,56600,-0.48000013828277566,-0.19917017476674792
257,2020-03-20,1,0.019471337579617835,-0.32916392363396973,NEXT,1.9800000190734863,2.0299999713897705,1.63100004196167,1.850000023841858,1.850000023841858,97200,0.10000002384185769,0.05181348526403262
258,2020-03-23,10,0.025203821656050958,0.3850192509625483,NEXT,1.7599999904632568,1.924000024795532,1.600000023841858,1.7599999904632568,1.7599999904632568,36200,-0.1059999465942385,-0.052216723196143344
259,2020-03-24,21,0.03221019108280255,0.27798837503158946,NEXT,1.850000023841858,2.0199999809265137,1.7699999809265137,1.9700000286102293,1.9700000286102293,43100,0.09599995613098167,0.04989602645207025
260,2020-03-25,21,0.03221019108280255,0.0,NEXT,1.9900000095367432,1.9900000095367432,1.7699999809265137,1.950000047683716,1.950000047683716,29900,-0.029999971389770508,-0.014851471125267302
261,2020-03-26,1,0.019471337579617835,-0.3954913980620921,NEXT,1.9600000381469729,1.9600000381469729,1.840000033378601,1.950000047683716,1.950000047683716,37600,-0.029999971389770286,-0.015075362435176043
262,2020-03-27,1,0.019471337579617835,0.0,NEXT,1.950000047683716,1.950000047683716,1.7000000476837158,1.7200000286102295,1.7200000286102295,45000,-0.009999990463256836,-0.005102035851341613
263,2020-03-30,-3,0.016923566878980893,-0.15837820715869488,NEXT,1.75,1.850000023841858,1.6699999570846558,1.850000023841858,1.850000023841858,23800,-0.10000002384185813,-0.051282062254635274
264,2020-03-31,23,0.03348407643312102,0.9785472337222432,NEXT,1.7799999713897705,1.8799999952316284,1.75,1.8799999952316284,1.8799999952316284,36400,0.029999971389770508,0.016216200542241266
265,2020-04-01,2,0.02010828025477707,-0.3994673768308922,NEXT,1.840000033378601,1.8899999856948853,1.5499999523162842,1.590000033378601,1.590000033378601,35000,0.009999990463256836,0.00531914387692578
266,2020-04-02,568,0.3806178343949045,17.92841305036427,NEXT,1.600000023841858,1.7000000476837158,1.2999999523162842,1.4700000286102295,1.4700000286102295,57800,-0.18999993801116943,-0.10052906849166632
267,2020-04-03,1,0.019471337579617835,-0.9488428133942467,NEXT,1.5399999618530271,1.6399999856948853,1.4450000524520874,1.4600000381469729,1.4600000381469729,24100,-0.060000061988830566,-0.03529415312110251
268,2020-04-06,10,0.025203821656050958,0.11245431543435491,NEXT,1.559999942779541,1.7300000190734863,1.5199999809265137,1.7300000190734863,1.7300000190734863,34300,0.09000003337860107,0.05487806961197439
269,2020-04-07,25,0.03475796178343949,0.3790750568612584,NEXT,1.899999976158142,1.940000057220459,1.7389999628067017,1.940000057220459,1.940000057220459,98100,0.21000003814697266,0.12138730394895592
270,2020-04-08,1,0.019471337579617835,-0.439802089059923,NEXT,2.130000114440918,2.140000104904175,1.9600000381469729,2.109999895095825,2.109999895095825,50800,0.20000004768371582,0.10309280504365881
271,2020-04-09,1,0.019471337579617835,0.0,NEXT,2.200000047683716,2.25,2.0,2.0199999809265137,2.0199999809265137,50300,0.1099998950958252,0.051401817618486056
272,2020-04-13,10,0.025203821656050958,-0.26134030240806416,NEXT,2.109999895095825,2.240000009536743,2.0199999809265137,2.0799999237060547,2.0799999237060547,34500,-0.009999990463256836,-0.004444440205891964
273,2020-04-14,41,0.04494904458598726,0.783421784179934,NEXT,2.0999999046325684,2.2300000190734863,2.049999952316284,2.069999933242798,2.069999933242798,24600,-0.009999990463256836,-0.004464281437804529
274,2020-04-15,10,0.025203821656050958,-0.4392801473714042,NEXT,2.0299999713897705,2.150000095367432,1.9800000190734863,2.049999952316284,2.049999952316284,48400,-0.07999992370605424,-0.03587440494251315
275,2020-04-16,1,0.019471337579617835,-0.2274450341167552,NEXT,2.049999952316284,2.049999952316284,1.815000057220459,1.8799999952316284,1.8799999952316284,73300,-0.1000001430511479,-0.04651169237927777
276,2020-04-17,13,0.027114649681528664,0.3925417075564279,NEXT,2.009999990463257,2.184999942779541,2.0,2.049999952316284,2.049999952316284,64200,0.13499999046325684,0.06585365541629451
277,2020-04-20,16,0.02902547770700637,-0.13315579227696406,NEXT,2.039999961853028,2.200000047683716,1.7799999713897705,1.7799999713897705,1.7799999713897705,55500,0.015000104904174805,0.006865036749196918
278,2020-04-21,7,0.023292993630573248,-0.19749835418038186,NEXT,1.75,2.069999933242798,1.6399999856948853,1.850000023841858,1.850000023841858,82300,-0.13000011444091797,-0.059090959828746126
279,2020-04-22,4,0.02138216560509554,-0.08203445447087776,NEXT,1.940000057220459,1.993000030517578,1.75,1.8899999856948853,1.8899999856948853,50700,-0.07699990272521995,-0.03719802183983367
280,2020-04-23,38,0.04303821656050955,1.0128090557044982,NEXT,1.830000042915344,1.9299999475479128,1.7599999904632568,1.8600000143051147,1.8600000143051147,24500,-0.06300008296966508,-0.03161067837681075
281,2020-04-24,20,0.03157324840764331,-0.2663904099452419,NEXT,1.8799999952316284,1.899999976158142,1.7899999618530271,1.850000023841858,1.850000023841858,15500,-0.02999997138977073,-0.01554402704926805
282,2020-04-27,1,0.019471337579617835,0.03381805884342248,NEXT,1.899999976158142,1.909999966621399,1.830000042915344,1.8899999856948853,1.8899999856948853,44100,0.009999990463256836,0.005263152941442195
283,2020-04-28,6,0.022656050955414012,0.16355904481517825,NEXT,1.9600000381469729,1.9700000286102293,1.6699999570846558,1.7949999570846558,1.7949999570846558,49100,0.060000061988830344,0.031413645569305704
284,2020-04-29,1,0.019471337579617835,-0.14056789429294347,NEXT,1.8200000524520876,1.8200000524520876,1.649999976158142,1.7899999618530271,1.7899999618530271,47100,-0.14999997615814165,-0.07614211877142041
285,2020-04-30,10,0.025203821656050958,0.2944062806673211,NEXT,1.7999999523162842,1.7999999523162842,1.6200000047683716,1.6699999570846558,1.6699999570846558,57900,-0.020000100135803445,-0.010989065691980215
286,2020-05-01,67,0.06150955414012739,1.4404852160727821,NEXT,1.7000000476837158,1.850000023841858,1.6699999570846558,1.7300000190734863,1.7300000190734863,84900,0.05000007152557373,0.02777781825006853
287,2020-05-04,5,0.022019108280254777,0.13084723585214264,NEXT,1.75,1.7699999809265137,1.5199999809265137,1.649999976158142,1.649999976158142,63100,-0.08000004291534424,-0.043243265883429416
288,2020-05-05,15,0.028388535031847136,0.2892681515765114,NEXT,1.649999976158142,1.649999976158142,1.4199999570846558,1.4600000381469729,1.4600000381469729,111400,-0.12000000476837158,-0.06779661359406175
289,2020-05-06,2,0.02010828025477707,-0.29167601525689935,NEXT,1.5199999809265137,1.6660000085830688,1.5,1.5299999713897705,1.5299999713897705,46300,0.016000032424926758,0.009696989488558128
290,2020-05-07,1,0.019471337579617835,-0.031675641431738955,NEXT,1.5700000524520874,1.6050000190734863,1.5,1.5700000524520874,1.5700000524520874,24600,-0.06099998950958252,-0.03661463937293907
291,2020-05-08,2,0.02010828025477707,0.032711808963035605,NEXT,1.6100000143051147,1.6100000143051147,1.5,1.5,1.5,44700,0.004999995231628418,0.0031152617895386925
292,2020-05-11,7,0.023292993630573248,0.158378207158695,NEXT,1.5,1.5800000429153442,1.399999976158142,1.4600000381469729,1.4600000381469729,41600,-0.029999971389770508,-0.01863352243678007
293,2020-05-12,12,0.02647770700636943,0.13672409078479641,NEXT,1.4800000190734863,1.5800000429153442,1.399999976158142,1.399999976158142,1.399999976158142,51500,0.0,0.0
294,2020-05-13,15,0.028388535031847136,0.07216742843396684,NEXT,1.3899999856948853,1.3899999856948853,1.2000000476837158,1.2200000286102295,1.2200000286102295,90000,-0.19000005722045898,-0.12025319750617192
295,2020-05-14,3,0.020745222929936306,-0.2692393986986763,NEXT,1.2300000190734863,1.2300000190734863,1.1150000095367432,1.1699999570846558,1.1699999570846558,50700,-0.15999996662139893,-0.1151078908403097
296,2020-05-15,16,0.02902547770700637,0.39914031317163046,NEXT,1.1200000047683716,1.2100000381469729,1.1200000047683716,1.2000000476837158,1.2000000476837158,41800,-0.01999998092651345,-0.016260146842581924
297,2020-05-18,2,0.02010828025477707,-0.05957700327673521,NEXT,1.2899999618530271,1.5800000429153442,1.2899999618530271,1.399999976158142,1.399999976158142,202400,0.37000000476837136,0.3057851182674336
298,2020-05-19,1,0.019471337579617835,-0.031675641431738955,NEXT,1.399999976158142,1.5329999923706057,1.3799999952316284,1.4700000286102295,1.4700000286102295,92500,-0.04700005054473855,-0.029746866625406043
299,2020-05-21,6,0.022656050955414012,0.16355904481517825,NEXT,1.600000023841858,1.600000023841858,1.409999966621399,1.4500000476837158,1.4500000476837158,75900,0.06700003147125222,0.0437051740408978
300,2020-05-22,5,0.022019108280254777,-0.028113578858588673,NEXT,1.4800000190734863,1.5499999523162842,1.4500000476837158,1.4700000286102295,1.4700000286102295,97300,-0.05000007152557373,-0.03125004423782163
301,2020-05-26,11,0.025840764331210193,0.14056789429294358,NEXT,1.559999942779541,1.5700000524520874,1.5099999904632568,1.5299999713897705,1.5299999713897705,72100,0.020000100135803223,0.012903290807148471
302,2020-05-27,9,0.024566878980891722,-0.04929751047572095,NEXT,1.5700000524520874,1.5800000429153442,1.4500000476837158,1.5449999570846558,1.5449999570846558,75600,0.009999990463256836,0.0063694204644377805
303,2020-05-28,13,0.027114649681528664,0.10370754472387866,NEXT,1.5800000429153442,1.5800000429153442,1.5,1.5099999904632568,1.5099999904632568,55200,0.0,0.0
304,2020-05-29,11,0.025840764331210193,-0.046981442330279566,NEXT,1.5800000429153442,1.5800000429153442,1.440000057220459,1.5099999904632568,1.5099999904632568,96200,0.0,0.0
305,2020-06-01,4,0.02138216560509554,0.09813542688910704,NEXT,1.5,1.5449999570846558,1.4299999475479126,1.4800000190734863,1.4800000190734863,89000,-0.03500008583068848,-0.022151952455715107
306,2020-06-02,14,0.0277515923566879,0.2978850163836759,NEXT,1.4800000190734863,1.5470000505447388,1.4800000190734863,1.5199999809265137,1.5199999809265137,111200,0.002000093460083008,0.0012945589097990151
307,2020-06-03,12,0.02647770700636943,-0.045903144365389004,NEXT,1.5399999618530271,1.7899999618530271,1.5299999713897705,1.6699999570846558,1.6699999570846558,265200,0.24299991130828835,0.15707815343814735
308,2020-06-04,5,0.022019108280254777,-0.1683906663459226,NEXT,1.6699999570846558,1.7999999523162842,1.6699999570846558,1.75,1.75,108400,0.009999990463257058,0.005586586970038221
309,2020-06-05,1,0.019471337579617835,-0.11570726063060455,NEXT,1.7999999523162842,2.150000095367432,1.75,2.039999961853028,2.039999961853028,228700,0.3500001430511479,0.1944445290683252
310,2020-06-08,1,0.019471337579617835,-0.20741508944775744,NEXT,2.220000028610229,2.8499999046325684,2.150000095367432,2.680000066757202,2.680000066757202,383500,0.6999998092651363,0.32558129219315557
311,2020-06-09,1,0.019471337579617835,0.0,NEXT,2.650000095367432,2.650000095367432,2.3399999141693115,2.400000095367432,2.400000095367432,194600,-0.19999980926513627,-0.07017537402020402
312,2020-06-10,4,0.02138216560509554,0.09813542688910704,NEXT,2.359999895095825,2.359999895095825,2.0,2.0899999141693115,2.0899999141693115,172000,-0.2900002002716069,-0.1094340339000619
313,2020-06-11,418,0.2850764331210191,12.332439678284182,NEXT,2.009999990463257,2.289999961853028,1.8600000143051147,2.109999895095825,2.109999895095825,135100,-0.06999993324279741,-0.02966098998066058
314,2020-06-12,2,0.02010828025477707,-0.9294635476014925,NEXT,2.25,2.3499999046325684,2.190000057220459,2.200000047683716,2.200000047683716,129100,0.05999994277954057,0.026200848811800626
315,2020-06-15,263,0.18635031847133757,8.570493948315342,NEXT,2.1600000858306885,2.275000095367432,2.049999952316284,2.220000028610229,2.220000028610229,97500,-0.07499980926513627,-0.03191481374841276
316,2020-06-16,10,0.025203821656050958,-0.8647503161636532,NEXT,2.299999952316284,2.359999895095825,2.0999999046325684,2.109999895095825,2.109999895095825,84500,0.08499979972839311,0.037362547764933085
317,2020-06-17,1,0.019471337579617835,-0.2274450341167552,NEXT,2.180000066757202,2.289999961853028,2.069999933242798,2.220000028610229,2.220000028610229,170100,-0.06999993324279741,-0.02966098998066058
318,2020-06-18,1,0.019471337579617835,0.0,NEXT,2.200000047683716,2.289999961853028,2.119999885559082,2.2799999713897705,2.2799999713897705,324100,0.0,0.0
319,2020-06-19,5,0.022019108280254777,0.13084723585214264,NEXT,2.3399999141693115,2.700000047683716,1.9800000190734863,2.2699999809265137,2.2699999809265137,455800,0.41000008583068803,0.17903934177314262
320,2020-06-22,1,0.019471337579617835,-0.11570726063060455,NEXT,2.2699999809265137,2.3499999046325684,2.180000066757202,2.319999933242798,2.319999933242798,366500,-0.35000014305114746,-0.12962968032219357
321,2020-06-23,10,0.025203821656050958,0.2944062806673211,NEXT,2.299999952316284,2.440000057220459,2.150000095367432,2.2799999713897705,2.2799999713897705,429400,0.09000015258789062,0.03829793882564547
322,2020-06-24,24,0.034121019108280255,0.35380338640384124,NEXT,2.200000047683716,2.470000028610229,2.140000104904175,2.400000095367432,2.400000095367432,212500,0.029999971389770064,0.012295069953377258
323,2020-06-25,11,0.025840764331210193,-0.24267313795034529,NEXT,2.400000095367432,2.5,2.2799999713897705,2.4800000190734863,2.4800000190734863,194300,0.029999971389770952,0.012145737264080525
324,2020-06-26,-28,0.001,-0.961301454276559,NEXT,2.4200000762939453,2.427000045776367,2.1449999809265137,2.220000028610229,2.220000028610229,1272300,-0.07299995422363281,-0.029199981689453147
325,2020-06-29,4,0.02138216560509554,-0.10646792653713066,NEXT,2.240000009536743,2.2699999809265137,2.180000066757202,2.200000047683716,2.200000047683716,98200,-0.15700006484985352,-0.06468894185769625
326,2020-06-30,19,0.030936305732484078,0.446827524575514,NEXT,2.190000057220459,2.200000047683716,2.0999999046325684,2.1600000858306885,2.1600000858306885,73400,-0.06999993324279785,-0.03083697525593232
327,2020-07-01,5,0.022019108280254777,-0.28824377187564343,NEXT,2.119999885559082,2.1559998989105225,2.049999952316284,2.069999933242798,2.069999933242798,79800,-0.04400014877319336,-0.02000006719068903
328,2020-07-02,41,0.04494904458598726,1.041365345675441,NEXT,2.049999952316284,2.109999895095825,2.039999961853028,2.039999961853028,2.039999961853028,50300,-0.046000003814697266,-0.021335809819815976
329,2020-07-06,2,0.02010828025477707,0.0,NEXT,2.130000114440918,2.140000104904175,1.870000004768372,1.9800000190734863,1.9800000190734863,117200,0.03000020980834961,0.014218109620800279
330,2020-07-07,12,0.02647770700636943,0.31675641431739,NEXT,1.9700000286102293,2.0,1.909999966621399,1.940000057220459,1.940000057220459,37500,-0.1400001049041748,-0.06542060656134585
331,2020-07-08,5,0.022019108280254777,-0.1683906663459226,NEXT,1.950000047683716,2.055000066757202,1.899999976158142,1.950000047683716,1.950000047683716,81700,0.05500006675720215,0.027500033378601074
332,2020-07-09,16,0.02902547770700637,0.3181949667341626,NEXT,1.940000057220459,1.940000057220459,1.75,1.7699999809265137,1.7699999809265137,57800,-0.11500000953674316,-0.05596107338245182
333,2020-07-10,26,0.035394904458598726,0.21944261575597968,NEXT,1.7699999809265137,1.815000057220459,1.6799999475479126,1.7000000476837158,1.7000000476837158,59200,-0.125,-0.0644329877902654
334,2020-07-14,1,0.019471337579617835,0.0,NEXT,1.6799999475479126,1.7999999523162842,1.6699999570846558,1.7100000381469729,1.7100000381469729,344300,-0.015000104904174805,-0.00826452034781
335,2020-07-15,1,0.019471337579617835,0.0,NEXT,2.3399999141693115,2.5799999237060547,1.870000004768372,1.9700000286102293,1.9700000286102293,1492900,0.7799999713897705,0.43333332891817444
336,2020-07-16,30,0.03794267515923567,0.9486424599280339,NEXT,1.850000023841858,1.8799999952316284,1.7599999904632568,1.8799999952316284,1.8799999952316284,169700,-0.6999999284744263,-0.2713178097574932
337,2020-07-17,63,0.05896178343949045,0.5539701191875106,NEXT,1.8799999952316284,1.8799999952316284,1.75,1.7699999809265137,1.7699999809265137,120100,0.0,0.0
338,2020-07-20,9,0.024566878980891722,0.2616944717042853,NEXT,1.7799999713897705,1.7910000085830688,1.649999976158142,1.7300000190734863,1.7300000190734863,88500,-0.08899998664855957,-0.04734041855015758
339,2020-07-21,8,0.023929936305732483,-0.025926886180969833,NEXT,1.7300000190734863,1.9110000133514404,1.6799999475479126,1.870000004768372,1.870000004768372,130300,0.12000000476837158,0.06700167738318896
340,2020-07-22,26,0.035394904458598726,0.4791056694170881,NEXT,1.7999999523162842,1.870000004768372,1.75,1.8650000095367432,1.8650000095367432,106000,-0.041000008583068404,-0.02145474008195536
341,2020-07-23,2,0.02010828025477707,-0.43188770919560915,NEXT,1.840000033378601,1.8769999742507932,1.7799999713897705,1.840000033378601,1.840000033378601,82000,0.006999969482421209,0.0037432991789154713
342,2020-07-24,2,0.02010828025477707,0.0,NEXT,1.8600000143051147,1.870000004768372,1.7400000095367432,1.7999999523162842,1.7999999523162842,96700,-0.006999969482421209,-0.003729339146749444
343,2020-07-27,3,0.020745222929936306,-0.5449210563085092,NEXT,1.7799999713897705,1.7999999523162842,1.690000057220459,1.7200000286102295,1.7200000286102295,83800,-0.07000005245208785,-0.03743318303400667
344,2020-07-28,8,0.023929936305732483,0.15351550506601153,NEXT,1.7000000476837158,1.7799999713897705,1.690000057220459,1.7000000476837158,1.7000000476837158,66200,-0.019999980926513672,-0.011111100809073515
345,2020-07-29,1,0.019471337579617835,-0.18631887143997872,NEXT,1.7000000476837158,1.7350000143051147,1.600000023841858,1.659999966621399,1.659999966621399,78900,-0.04499995708465576,-0.025280875173004147
346,2020-07-30,1,0.019471337579617835,0.0,NEXT,1.649999976158142,1.656999945640564,1.565000057220459,1.5800000429153442,1.5800000429153442,63300,-0.07800006866455078,-0.044956811539733965
347,2020-07-31,20,0.03157324840764331,0.6215243702976776,NEXT,1.559999942779541,1.5800000429153442,1.5099999904632568,1.5499999523162842,1.5499999523162842,68800,-0.07699990272521973,-0.046469466053876696
348,2020-08-03,1,0.019471337579617835,-0.08936550491510276,NEXT,1.5399999618530271,1.6200000047683716,1.399999976158142,1.4199999570846558,1.4199999570846558,235500,0.039999961853027344,0.025316430864913864
349,2020-08-04,4,0.02138216560509554,0.09813542688910704,NEXT,1.4299999475479126,1.5800000429153442,1.4299999475479126,1.5199999809265137,1.5199999809265137,154900,-0.039999961853027344,-0.024691334404499887
350,2020-08-05,16,0.02902547770700637,0.35746201966041125,NEXT,1.5199999809265137,1.555999994277954,1.4700000286102295,1.5099999904632568,1.5099999904632568,77600,-0.024000048637390137,-0.015189903788297543
351,2020-08-10,17,0.029662420382165607,0.0688547165480835,NEXT,1.4500000476837158,1.5099999904632568,1.4199999570846558,1.4700000286102295,1.4700000286102295,61100,-0.046000003814697266,-0.02956298456546147
352,2020-08-11,1,0.019471337579617835,-0.3435688211294825,NEXT,1.5,1.5399999618530271,1.4600000381469729,1.4600000381469729,1.4600000381469729,77300,0.029999971389770286,0.01986753084718007
353,2020-08-12,7,0.023292993630573248,0.19627085377821385,NEXT,1.4900000095367432,1.5,1.4600000381469729,1.4700000286102295,1.4700000286102295,57800,-0.03999996185302712,-0.02597400184666021
354,2020-08-13,74,0.06596815286624204,1.83210281651627,NEXT,1.4700000286102295,1.4700000286102295,1.409999966621399,1.4299999475479126,1.4299999475479126,49500,-0.029999971389770508,-0.019999980926513672
355,2020-08-14,1,0.019471337579617835,-0.7048373081008014,NEXT,1.4040000438690186,1.4700000286102295,1.4040000438690186,1.4700000286102295,1.4700000286102295,27400,0.0,0.0
356,2020-08-17,6,0.022656050955414012,0.16355904481517825,NEXT,1.4600000381469729,1.4900000095367432,1.4199999570846558,1.4199999570846558,1.4199999570846558,107500,0.019999980926513672,0.013605428936910968
357,2020-08-18,2,0.02010828025477707,-0.1124543154343548,NEXT,1.4299999475479126,1.4630000591278076,1.3899999856948853,1.3899999856948853,1.3899999856948853,68100,-0.026999950408935547,-0.018120771970551952
358,2020-08-19,2,0.02010828025477707,0.0,NEXT,1.399999976158142,1.4149999618530271,1.309999942779541,1.3700000047683716,1.3700000047683716,124000,-0.048000097274780495,-0.032809361131124315
359,2020-08-20,21,0.03221019108280255,0.6018371872030408,NEXT,1.350000023841858,1.4490000009536743,1.3300000429153442,1.399999976158142,1.399999976158142,72300,0.034000039100647195,0.0240282968319816
360,2020-08-21,2,0.02010828025477707,-0.37571682815898755,NEXT,1.4299999475479126,1.4299999475479126,1.3550000190734863,1.3799999952316284,1.3799999952316284,81300,-0.01900005340576172,-0.013112528221709163
361,2020-08-25,8,0.023929936305732483,0.22898266274124945,NEXT,1.399999976158142,1.4299999475479126,1.3799999952316284,1.3799999952316284,1.3799999952316284,40800,0.0,0.0
362,2020-08-26,18,0.030299363057324842,0.26616981634282677,NEXT,1.3600000143051147,1.4119999408721924,1.350000023841858,1.3700000047683716,1.3700000047683716,41300,-0.018000006675720215,-0.012587417717452087
363,2020-08-27,1,0.019471337579617835,-0.35736808913180573,NEXT,1.2799999713897705,1.440000057220459,1.2699999809265137,1.3899999856948853,1.3899999856948853,163700,0.0280001163482666,0.019830111558624353
364,2020-08-28,25,0.03475796178343949,0.7850834151128558,NEXT,1.3899999856948853,1.440000057220459,1.3600000143051147,1.399999976158142,1.399999976158142,82400,0.0,0.0
365,2020-08-31,109,0.08826114649681528,2.592688618096966,NEXT,1.3799999952316284,1.399999976158142,1.309999942779541,1.3300000429153442,1.3300000429153442,56300,-0.040000081062316895,-0.02777783296726144
366,2020-09-01,2,0.02010828025477707,-0.7721729089990619,NEXT,1.2999999523162842,1.340000033378601,1.190000057220459,1.2200000286102295,1.2200000286102295,129400,-0.059999942779541016,-0.04285710271523857
367,2020-09-02,44,0.046859872611464966,1.3303769401330374,NEXT,1.2000000476837158,1.2799999713897705,1.2000000476837158,1.2799999713897705,1.2799999713897705,47200,-0.060000061988830566,-0.04477616454795885
368,2020-09-03,42,0.045585987261146495,-0.027184993883376363,NEXT,1.25,1.4049999713897705,1.25,1.2999999523162842,1.2999999523162842,69200,0.125,0.09765625218278728
369,2020-09-04,2,0.02010828025477707,-0.5588933910856504,NEXT,1.3200000524520874,1.340000033378601,1.2300000190734863,1.3300000429153442,1.3300000429153442,54400,-0.06499993801116943,-0.04626330201763207
370,2020-09-08,9,0.024566878980891722,0.2616944717042853,NEXT,1.3300000429153442,2.5999999046325684,1.3300000429153442,2.3299999237060547,2.3299999237060547,7319200,1.2599998712539673,0.9402983879612854
371,2020-09-09,3,0.020745222929936306,-0.1555613170858181,NEXT,2.039999961853028,2.059999942779541,1.6100000143051147,1.909999966621399,1.909999966621399,2032200,-0.5399999618530273,-0.2076923006385033
372,2020-09-10,10,0.025203821656050958,0.21492170709241654,NEXT,1.909999966621399,2.200000047683716,1.830000042915344,2.130000114440918,2.130000114440918,683000,0.1400001049041748,0.0679612178606539
373,2020-09-11,1,0.019471337579617835,-0.2274450341167552,NEXT,2.069999933242798,2.0899999141693115,1.909999966621399,2.0299999713897705,2.0299999713897705,336800,-0.1100001335144043,-0.05000005960464349
374,2020-09-14,3,0.020745222929936306,0.031675641431738955,NEXT,1.9600000381469729,3.009999990463257,1.940000057220459,2.970000028610229,2.970000028610229,1716900,0.9200000762939453,0.44019144214156936
375,2020-09-15,5,0.022019108280254777,0.061406202026404566,NEXT,2.970000028610229,4.190000057220459,2.970000028610229,3.470000028610229,3.470000028610229,5764100,1.1800000667572021,0.3920266014936409
376,2020-09-16,2,0.02010828025477707,-0.08678044547295338,NEXT,3.430000066757202,3.7799999713897705,2.940000057220459,3.680000066757202,3.680000066757202,1272000,-0.4100000858306885,-0.0978520477879593
377,2020-09-17,1,0.019471337579617835,-0.031675641431738955,NEXT,3.630000114440918,4.579999923706055,3.532000064849853,4.380000114440918,4.380000114440918,2449000,0.7999999523162842,0.21164020062734368
378,2020-09-18,2,0.02010828025477707,0.032711808963035605,NEXT,4.289999961853027,5.110000133514404,4.03000020980835,4.900000095367432,4.900000095367432,4858200,0.5300002098083496,0.11572057175483152
379,2020-09-21,2,0.02010828025477707,-0.3500102944204242,NEXT,4.59499979019165,4.949999809265137,3.549999952316284,3.670000076293945,3.670000076293945,1331000,-0.16000032424926758,-0.031311217234592736
380,2020-09-22,19,0.030936305732484078,0.5384859043395629,NEXT,3.5899999141693115,3.920000076293945,3.2799999713897705,3.859999895095825,3.859999895095825,977100,-1.0299997329711919,-0.20808076215342375
381,2020-09-23,4,0.02138216560509554,-0.3088326127239037,NEXT,3.809999942779541,3.809999942779541,2.950000047683716,2.9800000190734863,2.9800000190734863,520600,-0.11000013351440385,-0.028061258003443834
382,2020-09-24,11,0.025840764331210193,0.20851951146857317,NEXT,3.0,3.0,2.680000066757202,2.680000066757202,2.680000066757202,272300,-0.809999942779541,-0.21259841337126506
383,2020-09-25,2,0.02010828025477707,-0.2218387971407445,NEXT,2.680000066757202,3.5,2.680000066757202,3.109999895095825,3.109999895095825,1595800,0.5,0.16666666666666674
384,2020-09-28,2,0.02010828025477707,-0.3631228565664717,NEXT,3.220000028610229,3.299999952316284,2.799999952316284,2.900000095367432,2.900000095367432,534000,-0.20000004768371582,-0.05714287076677593
385,2020-09-29,3,0.020745222929936306,0.031675641431738955,NEXT,2.900000095367432,2.970000028610229,2.700000047683716,2.890000104904175,2.890000104904175,639800,-0.32999992370605513,-0.0999999783255835
386,2020-10-01,7,0.023292993630573248,0.12281240405280935,NEXT,3.039999961853028,3.2300000190734863,2.9100000858306885,3.0899999141693115,3.0899999141693115,447600,0.2599999904632573,0.0875420834877636
387,2020-10-02,16,0.02902547770700637,0.2461033634126335,NEXT,3.0,3.109999895095825,2.859999895095825,2.890000104904175,2.890000104904175,386400,-0.12000012397766113,-0.0371517409501696
388,2020-10-05,52,0.05195541401273886,1.6683022571148185,NEXT,2.930000066757202,3.0439999103546143,2.8499999046325684,2.9200000762939453,2.9200000762939453,306400,-0.06599998474121094,-0.021221860761245215
389,2020-10-06,11,0.025840764331210193,-0.5026357729557436,NEXT,2.940000057220459,3.2100000381469727,2.880000114440918,2.950000047683716,2.950000047683716,463200,0.1660001277923584,0.05453355212911948
390,2020-10-07,17,0.029662420382165607,0.14789253142716285,NEXT,3.049999952316284,3.0899999141693115,2.8299999237060547,2.880000114440918,2.880000114440918,317200,-0.12000012397766113,-0.03738321574816339
391,2020-10-08,2,0.02010828025477707,-0.3220957698088899,NEXT,2.9200000762939453,2.990000009536743,2.8010001182556152,2.9200000762939453,2.9200000762939453,188300,-0.09999990463256836,-0.03236242958260771
392,2020-10-09,7,0.023292993630573248,0.158378207158695,NEXT,2.970000028610229,2.970000028610229,2.859999895095825,2.890000104904175,2.890000104904175,117600,-0.019999980926514116,-0.0066889568102753705
393,2020-10-12,79,0.06915286624203822,2.3334356770033775,NEXT,2.900000095367432,2.9100000858306885,2.700000047683716,2.8399999141693115,2.8399999141693115,140100,-0.05999994277954057,-0.02020200074126488
394,2020-10-13,1,0.019471337579617835,-0.7184305056645481,NEXT,2.7699999809265137,2.8399999141693115,2.7100000381469727,2.7699999809265137,2.7699999809265137,153400,-0.07000017166137695,-0.024055041098527963
395,2020-10-14,84,0.0723375796178344,2.715080143931959,NEXT,2.720000028610229,2.8499999046325684,2.650000095367432,2.6700000762939453,2.6700000762939453,135800,0.009999990463256836,0.003521123508970936
396,2020-10-15,1,0.019471337579617835,-0.730826802852866,NEXT,2.6700000762939453,2.6700000762939453,2.559999942779541,2.640000104904175,2.640000104904175,84800,-0.17999982833862305,-0.06315783661818375
397,2020-10-16,12,0.02647770700636943,0.3598298985933923,NEXT,2.5999999046325684,2.640000104904175,2.549999952316284,2.630000114440918,2.630000114440918,107900,-0.029999971389770508,-0.011235944019676425
398,2020-10-19,1,0.019471337579617835,-0.24648755237860498,NEXT,2.609999895095825,2.7300000190734863,2.509999990463257,2.5299999713897705,2.5299999713897705,106300,0.08999991416931152,0.03409087522463494
399,2020-10-20,2,0.02010828025477707,0.032711808963035605,NEXT,2.5899999141693115,2.5999999046325684,2.450000047683716,2.5799999237060547,2.5799999237060547,104300,-0.13000011444091797,-0.04761908920610103
400,2020-10-21,0,0.0188343949044586,-0.06335128286347802,NEXT,2.569999933242798,2.650000095367432,2.5199999809265137,2.5999999046325684,2.5999999046325684,83800,0.050000190734863725,0.01923084329571534
401,2020-10-22,27,0.03603184713375796,0.9130875887724044,NEXT,2.640000104904175,2.859999895095825,2.5299999713897705,2.7799999713897705,2.7799999713897705,177200,0.2099997997283931,0.07924520459282314
402,2020-10-23,5,0.022019108280254777,-0.3888987095633728,NEXT,2.720000028610229,2.8399999141693115,2.720000028610229,2.7799999713897705,2.7799999713897705,75700,-0.019999980926513672,-0.006993000580457598
403,2020-10-26,1,0.019471337579617835,-0.031675641431738955,NEXT,2.789999961853028,2.789999961853028,2.5299999713897705,2.5899999141693115,2.5899999141693115,98400,-0.049999952316283736,-0.017605617544854235
404,2020-10-27,1,0.019471337579617835,0.0,NEXT,2.640000104904175,2.7100000381469727,2.5299999713897705,2.549999952316284,2.549999952316284,102700,-0.07999992370605513,-0.02867380817199794
405,2020-10-28,6,0.022656050955414012,0.16355904481517825,NEXT,2.569999933242798,2.650000095367432,2.4100000858306885,2.509999990463257,2.509999990463257,92700,-0.05999994277954057,-0.022140199975999586
406,2020-10-29,5,0.022019108280254777,-0.028113578858588673,NEXT,2.539999961853028,2.680000066757202,2.450000047683716,2.569999933242798,2.569999933242798,113200,0.029999971389770064,0.01132074351326029
407,2020-10-30,1,0.019471337579617835,-0.11570726063060455,NEXT,2.5799999237060547,2.611000061035156,2.319999933242798,2.4200000762939453,2.4200000762939453,150000,-0.06900000572204634,-0.02574627015048414
408,2020-11-02,4,0.02138216560509554,-0.15163002274450355,NEXT,2.430000066757202,2.461999893188477,2.319999933242798,2.390000104904175,2.390000104904175,61800,-0.1490001678466788,-0.05706632108909493
409,2020-11-03,1,0.019471337579617835,-0.08936550491510276,NEXT,2.390000104904175,2.5,2.3499999046325684,2.450000047683716,2.450000047683716,141700,0.03800010681152299,0.015434650065037081
410,2020-11-04,5,0.022019108280254777,0.13084723585214264,NEXT,2.400000095367432,2.400000095367432,2.240000009536743,2.2699999809265137,2.2699999809265137,111600,-0.09999990463256792,-0.03999996185302712
411,2020-11-05,48,0.049407643312101915,1.2438530517789994,NEXT,2.259999990463257,2.4200000762939453,2.259999990463257,2.359999895095825,2.359999895095825,95300,0.019999980926513228,0.00833332505491069
412,2020-11-06,32,0.03921656050955414,-0.2062653087533841,NEXT,2.3499999046325684,2.368000030517578,2.190000057220459,2.190000057220459,2.190000057220459,83000,-0.05200004577636719,-0.021487621544211466
413,2020-11-10,15,0.028388535031847136,0.45796532548249935,NEXT,2.549999952316284,2.549999952316284,2.4100000858306885,2.5,2.5,93500,0.18199992179870605,0.07685807409340528
414,2020-11-11,15,0.028388535031847136,0.0,NEXT,2.5,2.539999961853028,2.369999885559082,2.4100000858306885,2.4100000858306885,65600,-0.009999990463256392,-0.003921564960882806
415,2020-11-12,1,0.019471337579617835,-0.3141126318151223,NEXT,2.4200000762939453,2.4200000762939453,2.3350000381469727,2.359999895095825,2.359999895095825,54400,-0.11999988555908248,-0.04724405014224409
416,2020-11-13,3,0.020745222929936306,0.06542361792607121,NEXT,2.380000114440918,2.414999961853028,2.299999952316284,2.3499999046325684,2.3499999046325684,103900,-0.005000114440917525,-0.002066162926975923
417,2020-11-16,18,0.030299363057324842,1.0182435299109036,NEXT,2.400000095367432,2.490000009536743,2.390000104904175,2.430000066757202,2.430000066757202,94000,0.07500004768371538,0.031055920856482233
418,2020-11-17,1,0.019471337579617835,-0.35736808913180573,NEXT,2.4200000762939453,2.4800000190734863,2.3499999046325684,2.400000095367432,2.400000095367432,74800,-0.009999990463256836,-0.004016060411629163
419,2020-11-18,24,0.034121019108280255,0.75237160614982,NEXT,2.440000057220459,2.4549999237060547,2.25,2.289999961853028,2.289999961853028,116100,-0.02500009536743164,-0.010080683538370105
420,2020-11-19,1,0.019471337579617835,-0.42934478252753405,NEXT,2.369999885559082,2.3980000019073486,2.25,2.359999895095825,2.359999895095825,233000,-0.056999921798706055,-0.023217891474578645
421,2020-11-20,1,0.019471337579617835,0.0,NEXT,2.319999933242798,2.359999895095825,2.200000047683716,2.259999990463257,2.259999990463257,84200,-0.03800010681152344,-0.01584658331163402
422,2020-11-23,2,0.02010828025477707,0.0,NEXT,2.309999942779541,2.400000095367432,2.289999961853028,2.319999933242798,2.319999933242798,149900,0.04000020027160689,0.016949238156632518
423,2020-11-24,2,0.02010828025477707,0.0,NEXT,2.303999900817871,2.450000047683716,2.299999952316284,2.390000104904175,2.390000104904175,136400,0.049999952316283736,0.020833312637276835
424,2020-11-25,3,0.020745222929936306,0.031675641431738955,NEXT,2.4200000762939453,2.549999952316284,2.365000009536743,2.4800000190734863,2.4800000190734863,199200,0.09999990463256836,0.04081628681073313
425,2020-11-27,11,0.025840764331210193,0.05185377236193922,NEXT,2.5,2.5999999046325684,2.5,2.549999952316284,2.549999952316284,56200,0.04999995231628418,0.01960782480441492
426,2020-11-30,3,0.020745222929936306,-0.6322682623913289,NEXT,2.539999961853028,2.5999999046325684,2.2699999809265137,2.400000095367432,2.400000095367432,155300,0.0,0.0
427,2020-12-01,1,0.019471337579617835,-0.06140620202640468,NEXT,2.359999895095825,2.539999961853028,2.359999895095825,2.400000095367432,2.400000095367432,166200,-0.05999994277954057,-0.023076901915509818
428,2020-12-02,1,0.019471337579617835,0.0,NEXT,2.450000047683716,2.640000104904175,2.359999895095825,2.5,2.5,209900,0.10000014305114702,0.03937013565078673
429,2020-12-03,3,0.020745222929936306,0.06542361792607121,NEXT,2.5299999713897705,2.595000028610229,2.490000009536743,2.5,2.5,96000,-0.04500007629394576,-0.01704548276734974
430,2020-12-04,1,0.019471337579617835,-0.06140620202640468,NEXT,2.5,2.650000095367432,2.440000057220459,2.5999999046325684,2.5999999046325684,107900,0.05500006675720304,0.021194630501279343
431,2020-12-07,1,0.019471337579617835,0.0,NEXT,2.609999895095825,2.6600000858306885,2.5,2.5799999237060547,2.5799999237060547,132300,0.009999990463256392,0.003773581171086615
432,2020-12-08,2,0.02010828025477707,0.032711808963035605,NEXT,2.5199999809265137,2.650000095367432,2.5199999809265137,2.650000095367432,2.650000095367432,123700,-0.009999990463256392,-0.0037593947896935598
433,2020-12-09,1,0.019471337579617835,-0.031675641431738955,NEXT,2.630000114440918,2.6700000762939453,2.4600000381469727,2.4800000190734863,2.4800000190734863,137500,0.019999980926513228,0.007547162342173452
434,2020-12-10,1,0.019471337579617835,0.0,NEXT,2.5199999809265137,2.5299999713897705,2.3499999046325684,2.5,2.5,110100,-0.1400001049041748,-0.05243449472050199
435,2020-12-11,1,0.019471337579617835,0.0,NEXT,2.4800000190734863,3.5,2.400000095367432,3.450000047683716,3.450000047683716,465500,0.9700000286102295,0.38339922513018543
436,2020-12-14,5,0.022019108280254777,-0.5236323549676174,NEXT,3.0999999046325684,3.321000099182129,2.819999933242798,2.930000066757202,2.930000066757202,328600,-0.1789999008178711,-0.05114282880510601
437,2020-12-15,1,0.019471337579617835,-0.11570726063060455,NEXT,2.950000047683716,3.039999961853028,2.8399999141693115,2.9600000381469727,2.9600000381469727,188200,-0.2810001373291011,-0.08461310717765524
438,2020-12-16,2,0.02010828025477707,0.032711808963035605,NEXT,2.900000095367432,2.933000087738037,2.640000104904175,2.700000047683716,2.700000047683716,165800,-0.10699987411499068,-0.035197327453178384
439,2020-12-17,2,0.02010828025477707,0.0,NEXT,2.720000028610229,2.789999961853028,2.619999885559082,2.650000095367432,2.650000095367432,107300,-0.14300012588500932,-0.048755581864060815
440,2020-12-18,7,0.023292993630573248,0.158378207158695,NEXT,2.740000009536743,2.740000009536743,2.319999933242798,2.450000047683716,2.450000047683716,383400,-0.049999952316284624,-0.01792113010749874
441,2020-12-21,1,0.019471337579617835,0.0,NEXT,2.400000095367432,2.430000066757202,2.220000028610229,2.25,2.25,180200,-0.309999942779541,-0.11313866485422142
442,2020-12-22,1,0.019471337579617835,0.0,NEXT,2.3399999141693115,2.3399999141693115,2.150000095367432,2.200000047683716,2.200000047683716,191100,-0.09000015258789062,-0.03703709881292083
443,2020-12-23,2,0.02010828025477707,0.032711808963035605,NEXT,2.1700000762939453,2.309999942779541,2.130000114440918,2.2100000381469727,2.2100000381469727,196600,-0.029999971389770508,-0.012820501064172207
444,2020-12-24,1,0.019471337579617835,-0.031675641431738955,NEXT,2.200000047683716,2.240000009536743,2.1700000762939453,2.220000028610229,2.220000028610229,107100,-0.06999993324279785,-0.030303002154437042
445,2020-12-28,1,0.019471337579617835,-0.8334695211635889,NEXT,2.259999990463257,2.309999942779541,2.200000047683716,2.2100000381469727,2.2100000381469727,97900,0.06999993324279785,0.031249970064631594
446,2020-12-29,1,0.019471337579617835,0.0,NEXT,2.190000057220459,2.220000028610229,2.069999933242798,2.0799999237060547,2.0799999237060547,163100,-0.08999991416931197,-0.038961002769990705
447,2020-12-30,1,0.019471337579617835,0.0,NEXT,2.109999895095825,2.130000114440918,2.0299999713897705,2.059999942779541,2.059999942779541,105900,-0.08999991416931108,-0.04054050135560272
448,2020-12-31,18,0.030299363057324842,0.5561007523716062,NEXT,2.0999999046325684,2.130000114440918,2.049999952316284,2.0899999141693115,2.0899999141693115,87400,0.0,0.0
449,2021-01-04,1,0.019471337579617835,-0.7260016133369185,NEXT,2.0899999141693115,2.1600000858306885,2.046999931335449,2.119999885559082,2.119999885559082,131300,0.029999971389770508,0.01408449285348734
450,2021-01-05,5,0.022019108280254777,0.13084723585214264,NEXT,2.0799999237060547,2.25,2.0799999237060547,2.150000095367432,2.150000095367432,273100,0.08999991416931152,0.04166662527455389
451,2021-01-06,1,0.019471337579617835,-0.11570726063060455,NEXT,2.1700000762939453,2.2699999809265137,2.130000114440918,2.1700000762939453,2.1700000762939453,242100,0.019999980926513672,0.008888880411783928
452,2021-01-07,3,0.020745222929936306,0.06542361792607121,NEXT,2.180000066757202,2.259999990463257,2.150000095367432,2.1600000858306885,2.1600000858306885,116900,-0.009999990463256836,-0.0044052821794189345
453,2021-01-08,3,0.020745222929936306,0.0,NEXT,2.1600000858306885,2.187000036239624,2.109999895095825,2.1600000858306885,2.1600000858306885,149500,-0.07299995422363281,-0.032300864837025656
454,2021-01-11,1,0.019471337579617835,0.0,NEXT,2.180000066757202,2.309999942779541,2.1670000553131104,2.220000028610229,2.220000028610229,336400,0.12299990653991699,0.05624138294547354
455,2021-01-13,2,0.02010828025477707,0.032711808963035605,NEXT,2.309999942779541,2.309999942779541,2.1700000762939453,2.200000047683716,2.200000047683716,171900,0.0,0.0
456,2021-01-14,1,0.019471337579617835,-0.031675641431738955,NEXT,2.2300000190734863,2.2799999713897705,2.180000066757202,2.200000047683716,2.200000047683716,342500,-0.029999971389770508,-0.012987000923330161
457,2021-01-15,12,0.02647770700636943,0.3598298985933923,NEXT,2.190000057220459,2.4600000381469727,2.140000104904175,2.450000047683716,2.450000047683716,477500,0.18000006675720215,0.07894739869118661
458,2021-01-19,3,0.020745222929936306,0.0,NEXT,2.440000057220459,2.970000028610229,2.2799999713897705,2.8299999237060547,2.8299999237060547,785500,0.5099999904632564,0.20731706607916167
459,2021-01-20,4,0.02138216560509554,0.030703101013202394,NEXT,2.8499999046325684,3.0199999809265137,2.569999933242798,2.5999999046325684,2.5999999046325684,381200,0.049999952316284624,0.01683500061772092
460,2021-01-21,4,0.02138216560509554,0.0,NEXT,2.609999895095825,2.759999990463257,2.549999952316284,2.6700000762939453,2.6700000762939453,200800,-0.25999999046325684,-0.08609271261766394
461,2021-01-22,32,0.03921656050955414,0.8340780458742925,NEXT,2.680000066757202,2.880000114440918,2.5999999046325684,2.799999952316284,2.799999952316284,219200,0.12000012397766113,0.04347830593924007
462,2021-01-25,60,0.05705095541401274,1.4492753623188408,NEXT,3.0,3.249000072479248,2.805000066757202,3.059999942779541,3.059999942779541,706400,0.3689999580383301,0.12812498033874653
463,2021-01-26,64,0.05959872611464968,0.044657809534442316,NEXT,3.119999885559082,3.150000095367432,2.700000047683716,2.720000028610229,2.720000028610229,449300,-0.09899997711181596,-0.030470906402987885
464,2021-01-27,255,0.18125477707006368,2.04125253820669,NEXT,2.736000061035156,2.8399999141693115,2.309999942779541,2.375,2.375,489800,-0.31000018119812056,-0.09841275295642826
465,2021-01-28,122,0.09654140127388536,-0.46737182415574363,NEXT,2.5,2.5899999141693115,2.1600000858306885,2.180000066757202,2.180000066757202,437600,-0.25,-0.0880281716744784
466,2021-01-29,66,0.060872611464968154,-0.36946625321633575,NEXT,2.309999942779541,2.4200000762939453,2.259999990463257,2.3299999237060547,2.3299999237060547,338300,-0.1699998378753662,-0.06563700521584381
467,2021-02-01,23,0.03348407643312102,-0.053985963649451185,NEXT,2.4200000762939453,2.450000047683716,2.319999933242798,2.3299999237060547,2.3299999237060547,200600,0.029999971389770508,0.012396682001644121
468,2021-02-02,52,0.05195541401273886,0.5516454251474225,NEXT,2.380000114440918,2.4200000762939453,2.3399999141693115,2.3399999141693115,2.3399999141693115,160100,-0.029999971389770508,-0.012244886043219938
469,2021-02-03,45,0.0474968152866242,-0.08581586367537097,NEXT,2.369999885559082,2.400000095367432,2.3299999237060547,2.3299999237060547,2.3299999237060547,200900,-0.019999980926513228,-0.0082644546677626
470,2021-02-04,38,0.04303821656050955,-0.09387153010594074,NEXT,2.3499999046325684,2.5,2.3499999046325684,2.430000066757202,2.430000066757202,344500,0.09999990463256792,0.04166662527455367
471,2021-02-05,9,0.024566878980891722,-0.4291845493562231,NEXT,2.440000057220459,2.5,2.400000095367432,2.4100000858306885,2.4100000858306885,225100,0.0,0.0
472,2021-02-08,10,0.025203821656050958,-0.04811161895597782,NEXT,2.4200000762939453,2.503000020980835,2.400000095367432,2.490000009536743,2.490000009536743,335600,0.003000020980834961,0.0012000083923340288
473,2021-02-09,18,0.030299363057324842,0.2021733636593379,NEXT,2.549999952316284,2.5899999141693115,2.450000047683716,2.509999990463257,2.509999990463257,313500,0.08699989318847656,0.034758247087183225
474,2021-02-10,25,0.03475796178343949,0.14715156611309643,NEXT,2.5199999809265137,2.559999942779541,2.400000095367432,2.4800000190734863,2.4800000190734863,466800,-0.029999971389770508,-0.011583000920443065
475,2021-02-11,23,0.03348407643312102,-0.03665017408832694,NEXT,2.5299999713897705,2.5799999237060547,2.3499999046325684,2.450000047683716,2.450000047683716,537800,0.019999980926513672,0.007812492724042164
476,2021-02-12,22,0.032847133757961784,-0.01902225603956631,NEXT,2.440000057220459,2.4590001106262207,2.3499999046325684,2.400000095367432,2.400000095367432,340200,-0.12099981307983398,-0.046899153743393596
477,2021-02-16,5,0.022019108280254777,0.02978850163836766,NEXT,2.4100000858306885,2.4790000915527344,2.4100000858306885,2.440000057220459,2.440000057220459,296000,0.019999980926513672,0.008133379433407306
478,2021-02-17,5,0.022019108280254777,0.0,NEXT,2.450000047683716,2.470999956130981,2.359999895095825,2.400000095367432,2.400000095367432,342600,-0.008000135421753374,-0.003227162213109258
479,2021-02-18,6,0.022656050955414012,0.028926815157651165,NEXT,2.380000114440918,2.38100004196167,2.25,2.289999961853028,2.289999961853028,234500,-0.08999991416931108,-0.0364224669231602
480,2021-02-19,6,0.022656050955414012,0.0,NEXT,2.299999952316284,2.3399999141693115,2.259999990463257,2.299999952316284,2.299999952316284,178500,-0.0410001277923584,-0.017219708975132586
481,2021-02-22,4,0.02138216560509554,-0.12963443090484839,NEXT,2.299999952316284,2.3299999237060547,2.252000093460083,2.2799999713897705,2.2799999713897705,411300,-0.009999990463256836,-0.004273500354724069
482,2021-02-23,6,0.022656050955414012,0.0595770032767351,NEXT,2.2100000381469727,2.25,2.049999952316284,2.190000057220459,2.190000057220459,371600,-0.07999992370605469,-0.03433473232857809
483,2021-02-24,6,0.022656050955414012,0.0,NEXT,2.200000047683716,2.259999990463257,2.190000057220459,2.200000047683716,2.200000047683716,210400,0.009999990463256836,0.004444440205891853
484,2021-02-25,20,0.03157324840764331,0.39359010402024186,NEXT,2.1700000762939453,2.2100000381469727,2.0299999713897705,2.039999961853028,2.039999961853028,214100,-0.04999995231628418,-0.022123872799678757
485,2021-02-26,19,0.030936305732484078,-0.020173492031470674,NEXT,2.059999942779541,2.0799999237060547,1.9299999475479128,1.9800000190734863,1.9800000190734863,325200,-0.13000011444091797,-0.05882358017962741
486,2021-03-01,5,0.022019108280254777,0.02978850163836766,NEXT,2.039999961853028,2.1600000858306885,2.0299999713897705,2.0799999237060547,2.0799999237060547,221200,0.08000016212463379,0.03846161781683777
487,2021-03-02,7,0.023292993630573248,0.05785363031530233,NEXT,2.0799999237060547,2.130000114440918,2.0299999713897705,2.059999942779541,2.059999942779541,172300,-0.029999971389770508,-0.013888875091517927
488,2021-03-03,20,0.03157324840764331,0.35548263604047037,NEXT,2.069999933242798,2.0899999141693115,2.0,2.0,2.0,158800,-0.040000200271606445,-0.01877943573824914
489,2021-03-04,6,0.022656050955414012,-0.2824288884405891,NEXT,2.0,2.0299999713897705,1.7000000476837158,1.7400000095367432,1.7400000095367432,421400,-0.059999942779541016,-0.028708107772046687
490,2021-03-05,5,0.022019108280254777,-0.028113578858588673,NEXT,1.7999999523162842,1.830000042915344,1.75,1.8200000524520876,1.8200000524520876,300300,-0.1999999284744265,-0.09852213364195439
491,2021-03-08,9,0.024566878980891722,0.2616944717042853,NEXT,1.850000023841858,1.9600000381469729,1.7599999904632568,1.7999999523162842,1.7999999523162842,375900,0.12999999523162886,0.07103824709453455
492,2021-03-09,13,0.027114649681528664,0.10370754472387866,NEXT,1.7899999618530271,1.830000042915344,1.7300000190734863,1.7400000095367432,1.7400000095367432,364300,-0.12999999523162886,-0.06632652688850649
493,2021-03-10,13,0.027114649681528664,0.0,NEXT,1.7200000286102295,1.950000047683716,1.7200000286102295,1.809999942779541,1.809999942779541,1267300,0.12000000476837203,0.06557377155970001
494,2021-03-11,11,0.025840764331210193,-0.046981442330279566,NEXT,1.7999999523162842,1.8899999856948853,1.7799999713897705,1.870000004768372,1.870000004768372,464200,-0.06000006198883079,-0.030769261805968173
495,2021-03-12,10,0.025203821656050958,-0.024648755237860476,NEXT,1.850000023841858,1.8899999856948853,1.809999942779541,1.8200000524520876,1.8200000524520876,179600,0.0,0.0
496,2021-03-15,2,0.02010828025477707,0.0,NEXT,1.870000004768372,1.870000004768372,1.75,1.7999999523162842,1.7999999523162842,512900,-0.019999980926513228,-0.010582000570312111
497,2021-03-16,4,0.02138216560509554,0.06335128286347791,NEXT,1.809999942779541,1.809999942779541,1.6699999570846558,1.7000000476837158,1.7000000476837158,465500,-0.06000006198883101,-0.03208559456461757
498,2021-03-17,1,0.019471337579617835,-0.08936550491510276,NEXT,1.7300000190734863,1.756999969482422,1.649999976158142,1.690000057220459,1.690000057220459,306500,-0.05299997329711892,-0.029281754128527293
499,2021-03-18,3,0.020745222929936306,0.06542361792607121,NEXT,1.7799999713897705,1.850000023841858,1.7200000286102295,1.7799999713897705,1.7799999713897705,717900,0.09300005435943581,0.0529311644705559
500,2021-03-19,6,0.022656050955414012,0.09210930303960696,NEXT,1.840000033378601,1.840000033378601,1.75,1.7799999713897705,1.7799999713897705,505200,-0.009999990463256836,-0.005405400180747089
501,2021-03-22,38,0.04303821656050955,-0.3347445111745595,NEXT,1.840000033378601,1.8799999952316284,1.7200000286102295,1.7599999904632568,1.7599999904632568,435400,0.039999961853027344,0.021739109308372973
502,2021-03-23,1,0.019471337579617835,-0.547580287109664,NEXT,1.7699999809265137,1.7699999809265137,1.6799999475479126,1.7100000381469729,1.7100000381469729,239200,-0.11000001430511475,-0.05851064605538048
503,2021-03-24,16,0.02902547770700637,0.49067713444553496,NEXT,1.830000042915344,2.140000104904175,1.7999999523162842,2.115000009536743,2.115000009536743,2247400,0.37000012397766113,0.2090396203190823
504,2021-03-25,2,0.02010828025477707,-0.3072196620583718,NEXT,2.069999933242798,2.0999999046325684,1.8600000143051147,1.950000047683716,1.950000047683716,2224500,-0.040000200271606445,-0.018691681453631315
505,2021-03-26,5,0.022019108280254777,0.09502692429521686,NEXT,2.400000095367432,2.789999961853028,2.1600000858306885,2.569999933242798,2.569999933242798,24257100,0.6900000572204594,0.32857147074070325
506,2021-03-29,2,0.02010828025477707,0.032711808963035605,NEXT,2.25,2.8399999141693115,2.240000009536743,2.819999933242798,2.819999933242798,3839800,0.049999952316283736,0.017921130107498406
507,2021-03-30,2,0.02010828025477707,0.0,NEXT,2.575000047683716,2.7799999713897705,2.380000114440918,2.5899999141693115,2.5899999141693115,1943900,-0.059999942779541016,-0.021126741053825282
508,2021-03-31,4,0.02138216560509554,0.06335128286347791,NEXT,2.5299999713897705,2.740000009536743,2.5299999713897705,2.6700000762939453,2.6700000762939453,1056100,-0.039999961853027344,-0.014388475634778741
509,2021-04-01,117,0.09335668789808917,3.366100685135537,NEXT,2.640000104904175,2.690000057220459,2.5,2.630000114440918,2.630000114440918,934800,-0.04999995231628418,-0.018248157716151847
510,2021-04-05,1,0.019471337579617835,-0.031675641431738955,NEXT,2.630000114440918,3.4200000762939453,2.5199999809265137,3.130000114440918,3.130000114440918,5931000,0.7300000190734863,0.2713754660019545
511,2021-04-06,2,0.02010828025477707,0.032711808963035605,NEXT,3.049999952316284,3.0999999046325684,2.740000009536743,2.900000095367432,2.900000095367432,2118700,-0.32000017166137695,-0.0935672995680581
512,2021-04-07,2,0.02010828025477707,0.0,NEXT,2.7720000743865967,2.869999885559082,2.569999933242798,2.680000066757202,2.680000066757202,1445200,-0.23000001907348633,-0.07419355682230167
513,2021-04-08,3,0.020745222929936306,0.031675641431738955,NEXT,2.640000104904175,2.6700000762939453,2.5,2.5299999713897705,2.5299999713897705,739400,-0.19999980926513672,-0.06968634747042035
514,2021-04-09,3,0.020745222929936306,0.0,NEXT,2.450000047683716,2.609999895095825,2.3499999046325684,2.5199999809265137,2.5199999809265137,607500,-0.06000018119812012,-0.02247197733469819
515,2021-04-12,1,0.019471337579617835,0.0,NEXT,2.5199999809265137,2.595000028610229,2.369999885559082,2.380000114440918,2.380000114440918,615700,-0.014999866485596147,-0.005747075512830824
516,2021-04-13,1,0.019471337579617835,0.0,NEXT,2.380000114440918,2.400000095367432,2.180000066757202,2.2699999809265137,2.2699999809265137,759700,-0.19499993324279696,-0.07514448211672298
517,2021-04-14,17,0.029662420382165607,0.5233889434085706,NEXT,2.319999933242798,2.319999933242798,2.0799999237060547,2.180000066757202,2.180000066757202,743100,-0.08000016212463423,-0.03333339956071402
518,2021-04-15,40,0.044312101910828024,0.493880180373631,NEXT,2.190000057220459,2.220000028610229,2.039999961853028,2.200000047683716,2.200000047683716,530300,-0.0999999046325688,-0.043103408409496446
519,2021-04-16,8,0.023929936305732483,-0.45996837717406924,NEXT,2.119999885559082,2.200000047683716,2.0199999809265137,2.109999895095825,2.109999895095825,408300,-0.019999980926513228,-0.009009000301244852
520,2021-04-19,1,0.019471337579617835,-0.031675641431738955,NEXT,2.130000114440918,2.2300000190734863,2.049999952316284,2.2100000381469727,2.2100000381469727,450400,0.029999971389770508,0.013636350336153846
521,2021-04-20,2,0.02010828025477707,0.032711808963035605,NEXT,2.240000009536743,2.2799999713897705,2.130000114440918,2.180000066757202,2.180000066757202,305000,0.04999995231628418,0.02242150308907087
522,2021-04-21,1,0.019471337579617835,-0.031675641431738955,NEXT,2.150000095367432,2.380000114440918,2.119999885559082,2.319999933242798,2.319999933242798,512600,0.10000014305114746,0.04385971241490516
523,2021-04-22,2,0.02010828025477707,0.032711808963035605,NEXT,2.299999952316284,2.365999937057495,2.2290000915527344,2.2300000190734863,2.2300000190734863,365100,-0.014000177383422852,-0.0058824271891733115
524,2021-04-23,3,0.020745222929936306,0.031675641431738955,NEXT,2.259999990463257,2.3299999237060547,2.220000028610229,2.25,2.25,365100,-0.03600001335144043,-0.01521555972491373
525,2021-04-26,2,0.02010828025477707,0.032711808963035605,NEXT,2.309999942779541,2.400000095367432,2.2730000019073486,2.369999885559082,2.369999885559082,293100,0.0700001716613774,0.030042993113079675
526,2021-04-27,6,0.022656050955414012,0.12670256572695604,NEXT,2.380000114440918,2.400000095367432,2.25,2.3299999237060547,2.3299999237060547,294300,0.0,0.0
527,2021-04-28,3,0.020745222929936306,-0.08434073657576613,NEXT,2.309999942779541,2.390000104904175,2.289999961853028,2.369999885559082,2.369999885559082,225100,-0.00999999046325728,-0.004166662527455567
528,2021-04-29,5,0.022019108280254777,0.061406202026404566,NEXT,2.359999895095825,2.380000114440918,2.2699999809265137,2.359999895095825,2.359999895095825,243500,-0.009999990463256836,-0.0041840962444885665
529,2021-04-30,11,0.025840764331210193,0.173560890945907,NEXT,2.319999933242798,2.3570001125335693,2.200000047683716,2.2100000381469727,2.2100000381469727,263400,-0.023000001907348633,-0.0096638658829441
530,2021-05-03,2,0.02010828025477707,0.032711808963035605,NEXT,2.240000009536743,2.2799999713897705,2.1600000858306885,2.200000047683716,2.200000047683716,223900,-0.07700014114379883,-0.03266870490771012
531,2021-05-04,1,0.019471337579617835,-0.031675641431738955,NEXT,2.1600000858306885,2.200000047683716,2.0999999046325684,2.1600000858306885,2.1600000858306885,204000,-0.07999992370605469,-0.03508768627628134
532,2021-05-05,5,0.022019108280254777,0.13084723585214264,NEXT,2.150000095367432,2.190000057220459,2.0799999237060547,2.150000095367432,2.150000095367432,162400,-0.009999990463256836,-0.004545450112051319
533,2021-05-06,2,0.02010828025477707,-0.08678044547295338,NEXT,2.180000066757202,2.180000066757202,2.0,2.039999961853028,2.039999961853028,265200,-0.009999990463256836,-0.00456620557167875
534,2021-05-07,1,0.019471337579617835,-0.031675641431738955,NEXT,2.009999990463257,2.0999999046325684,2.009999990463257,2.0299999713897705,2.0299999713897705,154300,-0.08000016212463379,-0.03669732095175382
535,2021-05-10,3,0.020745222929936306,0.06542361792607121,NEXT,2.049999952316284,2.0799999237060547,1.8600000143051147,1.9700000286102293,1.9700000286102293,442000,-0.019999980926513672,-0.00952380087370197
536,2021-05-11,3,0.020745222929936306,0.0,NEXT,1.9299999475479128,2.130000114440918,1.909999966621399,2.049999952316284,2.049999952316284,252300,0.05000019073486328,0.02403855411964395
537,2021-05-12,10,0.025203821656050958,0.21492170709241654,NEXT,2.049999952316284,2.130000114440918,1.9700000286102293,2.0999999046325684,2.0999999046325684,402800,0.0,0.0
538,2021-05-13,2,0.02010828025477707,-0.2021733636593379,NEXT,2.069999933242798,2.0969998836517334,1.8899999856948853,1.9700000286102293,1.9700000286102293,262900,-0.03300023078918457,-0.015493065265795303
539,2021-05-14,2,0.02010828025477707,0.0,NEXT,1.9700000286102293,2.009999990463257,1.919999957084656,1.9800000190734863,1.9800000190734863,199700,-0.08699989318847656,-0.04148779113758183
540,2021-05-17,2,0.02010828025477707,0.0,NEXT,2.109999895095825,2.109999895095825,1.9600000381469729,1.9800000190734863,1.9800000190734863,273100,0.09999990463256836,0.04975119657066296
541,2021-05-18,3,0.020745222929936306,0.031675641431738955,NEXT,2.039999961853028,2.059999942779541,1.9800000190734863,2.049999952316284,2.049999952316284,389700,-0.04999995231628418,-0.023696661043679068
542,2021-05-19,15,0.028388535031847136,0.36843721215842806,NEXT,2.009999990463257,2.059999942779541,1.9700000286102293,2.0299999713897705,2.0299999713897705,177100,0.0,0.0
543,2021-05-20,2,0.02010828025477707,-0.29167601525689935,NEXT,2.0199999809265137,2.0899999141693115,1.9800000190734863,2.0799999237060547,2.0799999237060547,371700,0.029999971389770508,0.014563093312173425
544,2021-05-21,5,0.022019108280254777,0.09502692429521686,NEXT,2.0799999237060547,2.0799999237060547,2.0,2.009999990463257,2.009999990463257,137500,-0.009999990463256836,-0.004784684628674429
545,2021-05-24,3,0.020745222929936306,0.10145417653026723,NEXT,2.0299999713897705,2.0350000858306885,1.8350000381469729,1.909999966621399,1.909999966621399,364600,-0.04499983787536621,-0.02163453823363004
546,2021-05-25,17,0.029662420382165607,0.42984341418483285,NEXT,1.919999957084656,1.9700000286102293,1.850000023841858,1.8600000143051147,1.8600000143051147,206800,-0.0650000572204592,-0.03194105871200792
547,2021-05-26,1,0.019471337579617835,-0.3435688211294825,NEXT,1.850000023841858,1.950000047683716,1.850000023841858,1.9299999475479128,1.9299999475479128,229900,-0.019999980926513228,-0.01015227443454536
548,2021-05-27,4,0.02138216560509554,0.09813542688910704,NEXT,2.0,2.069999933242798,1.850000023841858,1.9700000286102293,1.9700000286102293,574000,0.11999988555908181,0.06153840134600119
549,2021-05-28,2,0.02010828025477707,-0.05957700327673521,NEXT,1.9800000190734863,2.0199999809265137,1.919999957084656,1.9299999475479128,1.9299999475479128,275600,-0.04999995231628418,-0.024154567115350467
550,2021-06-01,2,0.02010828025477707,0.032711808963035605,NEXT,1.950000047683716,2.3299999237060547,1.9479999542236328,2.259999990463257,2.259999990463257,1143700,0.309999942779541,0.15346531965676213
551,2021-06-02,24,0.034121019108280255,0.6968641114982579,NEXT,2.309999942779541,2.650000095367432,2.25,2.390000104904175,2.390000104904175,1152900,0.3200001716613774,0.13733913396545994
552,2021-06-03,26,0.035394904458598726,0.03733432891543775,NEXT,2.3399999141693115,2.4800000190734863,2.2799999713897705,2.440000057220459,2.440000057220459,383600,-0.17000007629394576,-0.06415096987774815
553,2021-06-04,16,0.02902547770700637,-0.17995321216483706,NEXT,2.4800000190734863,2.4800000190734863,2.359999895095825,2.440000057220459,2.440000057220459,305800,0.0,0.0
554,2021-06-07,23,0.03348407643312102,0.6140620202640468,NEXT,2.940000057220459,3.75,2.859999895095825,3.4800000190734863,3.4800000190734863,28643600,1.2699999809265137,0.5120967625641302
555,2021-06-08,18,0.030299363057324842,-0.09511128019783144,NEXT,4.309999942779541,6.130000114440918,4.309999942779541,5.559999942779541,5.559999942779541,109151300,2.380000114440918,0.6346666971842447
556,2021-06-09,37,0.04240127388535032,0.39941139373554746,NEXT,4.849999904632568,4.96999979019165,4.21999979019165,4.369999885559082,4.369999885559082,8410500,-1.1600003242492676,-0.18923332831863482
557,2021-06-10,19,0.030936305732484078,-0.27039206849932396,NEXT,4.169000148773193,4.599999904632568,4.050000190734863,4.599999904632568,4.599999904632568,5129900,-0.36999988555908203,-0.07444666019690405
558,2021-06-11,9,0.024566878980891722,-0.20588840848260237,NEXT,4.479000091552734,4.579999923706055,4.204999923706055,4.269999980926514,4.269999980926514,1734400,-0.019999980926513672,-0.004347822030685733
559,2021-06-14,14,0.0277515923566879,0.4252535165194635,NEXT,4.25,4.380000114440918,4.099999904632568,4.130000114440918,4.130000114440918,1452300,-0.19999980926513672,-0.04366808135300149
560,2021-06-15,5,0.022019108280254777,-0.20656414964425074,NEXT,4.139999866485596,4.190000057220459,3.900000095367432,3.990000009536743,3.990000009536743,1118700,-0.19000005722045898,-0.04337900736441225
561,2021-06-16,6,0.022656050955414012,0.028926815157651165,NEXT,3.9600000381469727,4.099999904632568,3.799999952316284,4.010000228881836,4.010000228881836,885800,-0.09000015258789062,-0.02147974972763944
562,2021-06-17,4,0.02138216560509554,-0.056227157717177345,NEXT,3.990000009536743,4.21999979019165,3.819999933242798,3.940000057220459,3.940000057220459,1562900,0.11999988555908203,0.029268265451297903
563,2021-06-18,5,0.022019108280254777,0.02978850163836766,NEXT,3.920000076293945,4.400000095367432,3.7300000190734863,4.340000152587891,4.340000152587891,2120300,0.18000030517578125,0.04265410287321525
564,2021-06-21,7,0.023292993630573248,0.08936550491510276,NEXT,4.230000019073486,4.289999961853027,3.9700000286102295,4.230000019073486,4.230000019073486,1611200,-0.1100001335144043,-0.025000029802321744
565,2021-06-22,3,0.020745222929936306,-0.10937927262783698,NEXT,4.300000190734863,4.449999809265137,3.9800000190734863,4.449999809265137,4.449999809265137,1686400,0.15999984741210938,0.03729600205940309
566,2021-06-23,4,0.02138216560509554,0.030703101013202394,NEXT,4.449999809265137,4.679999828338623,4.360000133514404,4.559999942779541,4.559999942779541,1370600,0.23000001907348633,0.05168539975993114
567,2021-06-24,2,0.02010828025477707,-0.05957700327673521,NEXT,4.519999980926514,4.679999828338623,4.380000114440918,4.599999904632568,4.599999904632568,893200,0.0,0.0
568,2021-06-25,3,0.020745222929936306,0.031675641431738955,NEXT,4.539999961853027,4.539999961853027,4.139999866485596,4.360000133514404,4.360000133514404,3403900,-0.1399998664855957,-0.029914502483068484
569,2021-06-28,9,0.024566878980891722,0.22172949002217313,NEXT,4.340000152587891,4.360000133514404,4.159999847412109,4.199999809265137,4.199999809265137,588800,-0.17999982833862305,-0.03964753961477019
570,2021-06-29,2,0.02010828025477707,-0.18148820326678772,NEXT,4.199999809265137,4.28000020980835,4.019999980926514,4.119999885559082,4.119999885559082,517100,-0.07999992370605469,-0.018348605792718242
571,2021-06-30,4,0.02138216560509554,0.06335128286347791,NEXT,4.110000133514404,4.199999809265137,4.039999961853027,4.130000114440918,4.130000114440918,533100,-0.08000040054321289,-0.018691681453631315
572,2021-07-01,5,0.022019108280254777,0.02978850163836766,NEXT,4.119999885559082,4.210000038146973,3.9700000286102295,4.03000020980835,4.03000020980835,541800,0.010000228881835938,0.0023810069847565174
573,2021-07-02,2,0.02010828025477707,-0.08678044547295338,NEXT,4.050000190734863,4.070000171661377,3.910000085830689,4.019999980926514,4.019999980926514,383400,-0.1399998664855957,-0.033254124754644065
574,2021-07-06,2,0.02010828025477707,-0.24055809477988943,NEXT,4.0,4.0,3.630000114440918,3.670000076293945,3.670000076293945,1072700,-0.07000017166137695,-0.017199058650850807
575,2021-07-07,2,0.02010828025477707,0.0,NEXT,3.619999885559082,3.7200000286102295,3.490000009536743,3.630000114440918,3.630000114440918,558900,-0.2799999713897705,-0.06999999284744263
576,2021-07-08,1,0.019471337579617835,-0.031675641431738955,NEXT,3.316999912261963,3.759999990463257,3.316999912261963,3.670000076293945,3.670000076293945,547400,0.039999961853027344,0.010752677834782398
577,2021-07-09,2,0.02010828025477707,0.032711808963035605,NEXT,3.690000057220459,3.819999933242798,3.650000095367432,3.809999942779541,3.809999942779541,328800,0.059999942779541016,0.01595743163077734
578,2021-07-12,2,0.02010828025477707,0.032711808963035605,NEXT,3.839999914169312,3.940000057220459,3.660000085830689,3.75,3.75,578100,0.12000012397766113,0.031413645569305926
579,2021-07-13,1,0.019471337579617835,-0.031675641431738955,NEXT,3.700000047683716,3.734999895095825,3.619999885559082,3.650000095367432,3.650000095367432,239500,-0.2050001621246338,-0.05203049724553932
580,2021-07-14,2,0.02010828025477707,0.032711808963035605,NEXT,3.650000095367432,3.7300000190734863,3.4800000190734863,3.549999952316284,3.549999952316284,286200,-0.004999876022338867,-0.0013386549297910166
581,2021-07-15,1,0.019471337579617835,-0.031675641431738955,NEXT,3.549999952316284,3.7200000286102295,3.509999990463257,3.619999885559082,3.619999885559082,380900,-0.009999990463256836,-0.0026809625769762535
582,2021-07-16,1,0.019471337579617835,0.0,NEXT,3.559999942779541,3.5799999237060547,3.2699999809265137,3.289999961853028,3.289999961853028,472300,-0.1400001049041748,-0.037634436512754
583,2021-07-19,1,0.019471337579617835,0.0,NEXT,3.257999897003174,3.257999897003174,3.059999942779541,3.190000057220459,3.190000057220459,561300,-0.32200002670288086,-0.08994414345393142
584,2021-07-20,1,0.019471337579617835,0.0,NEXT,3.180000066757202,3.509999990463257,3.180000066757202,3.4200000762939453,3.4200000762939453,465300,0.252000093460083,0.07734809742992366
585,2021-07-21,-11,0.011828025477707005,-0.3925417075564279,NEXT,3.4200000762939453,3.549999952316284,3.369999885559082,3.470000028610229,3.470000028610229,263400,0.039999961853027344,0.011396000558891117
586,2021-07-22,2,0.02010828025477707,0.7000538502961768,NEXT,3.4600000381469727,3.4600000381469727,3.2699999809265137,3.380000114440918,3.380000114440918,131800,-0.08999991416931152,-0.0253520888389277
587,2021-07-23,1,0.019471337579617835,-0.031675641431738955,NEXT,3.369999885559082,3.4200000762939453,3.2799999713897705,3.369999885559082,3.369999885559082,178100,-0.039999961853027344,-0.011560682489023755
588,2021-07-26,1,0.019471337579617835,-0.031675641431738955,NEXT,3.3299999237060547,3.5369999408721924,3.325000047683716,3.400000095367432,3.400000095367432,151200,0.11699986457824707,0.03421048595561227
589,2021-07-28,4,0.02138216560509554,0.09813542688910704,NEXT,3.319999933242798,3.539999961853028,3.289999961853028,3.380000114440918,3.380000114440918,361700,0.003000020980835405,0.0008481823666910415
590,2021-07-29,9,0.024566878980891722,0.14894250819183807,NEXT,3.359999895095825,3.5199999809265137,3.259999990463257,3.5199999809265137,3.5199999809265137,304000,-0.019999980926514116,-0.0056497121870151545
591,2021-07-30,1,0.019471337579617835,-0.20741508944775744,NEXT,3.509999990463257,3.569999933242798,3.240000009536743,3.289999961853028,3.289999961853028,437500,0.04999995231628418,0.014204531985003932
592,2021-08-02,-2,0.017560509554140128,-0.09813542688910692,NEXT,3.299999952316284,3.380000114440918,3.180000066757202,3.309999942779541,3.309999942779541,274900,-0.18999981880187988,-0.05322123875484053
593,2021-08-03,1,0.019471337579617835,0.10881392818280733,NEXT,3.3299999237060547,3.390000104904175,3.0,3.039999961853028,3.039999961853028,499200,0.009999990463256836,0.002958576959962933
594,2021-08-05,2,0.02010828025477707,0.032711808963035605,NEXT,2.890000104904175,3.059999942779541,2.859999895095825,3.009999990463257,3.009999990463257,254700,-0.3300001621246338,-0.09734517755537409
595,2021-08-06,2,0.02010828025477707,0.0,NEXT,2.990000009536743,3.049999952316284,2.9100000858306885,3.009999990463257,3.009999990463257,238400,-0.009999990463256836,-0.00326797080073582
596,2021-08-09,1,0.019471337579617835,-0.031675641431738955,NEXT,2.950000047683716,3.049999952316284,2.890000104904175,3.009999990463257,3.009999990463257,322400,0.0,0.0
597,2021-08-10,6,0.022656050955414012,0.16355904481517825,NEXT,3.0299999713897705,3.180000066757202,2.9579999446868896,3.150000095367432,3.150000095367432,316100,0.13000011444091797,0.0426229890076526
598,2021-08-11,3,0.020745222929936306,-0.08434073657576613,NEXT,3.140000104904175,3.1700000762939453,2.990000009536743,3.109999895095825,3.109999895095825,332000,-0.009999990463256836,-0.003144651023059386
599,2021-08-12,22,0.032847133757961784,0.5833589192508444,NEXT,3.109999895095825,3.140000104904175,3.0299999713897705,3.0799999237060547,3.0799999237060547,95800,-0.029999971389770508,-0.009463713144399533
600,2021-08-13,1,0.019471337579617835,-0.4072134962187318,NEXT,3.049999952316284,3.0920000076293945,2.9200000762939453,2.950000047683716,2.950000047683716,165500,-0.04800009727478027,-0.015286654672339584
601,2021-08-16,7,0.023292993630573248,0.19627085377821385,NEXT,3.0209999084472656,3.0209999084472656,2.8399999141693115,2.940000057220459,2.940000057220459,243700,-0.0710000991821289,-0.02296251584959208
602,2021-08-20,27,0.03603184713375796,0.5468963631391852,NEXT,2.75,3.109999895095825,2.75,3.109999895095825,3.109999895095825,419800,0.08899998664855957,0.0294604400350027
603,2021-08-23,1,0.019471337579617835,-0.4596075658476224,NEXT,3.119999885559082,3.200000047683716,2.900000095367432,2.9100000858306885,2.9100000858306885,357200,0.09000015258789062,0.028938956792189163
604,2021-08-25,4,0.02138216560509554,0.09813542688910704,NEXT,3.119999885559082,3.150000095367432,3.039999961853028,3.059999942779541,3.059999942779541,150600,-0.049999952316283736,-0.015624984866008274
605,2021-08-26,1,0.019471337579617835,-0.08936550491510276,NEXT,3.0999999046325684,3.130000114440918,2.930999994277954,3.009999990463257,3.009999990463257,237000,-0.019999980926514116,-0.006349200101907093
606,2021-08-27,19,0.030936305732484078,0.5888125613346418,NEXT,3.0199999809265137,3.190000057220459,3.0199999809265137,3.150000095367432,3.150000095367432,162300,0.059999942779541016,0.019169310091305958
607,2021-08-31,11,0.025840764331210193,0.025271670457417184,NEXT,3.150000095367432,3.390000104904175,3.150000095367432,3.319999933242798,3.319999933242798,270800,0.20000004768371582,0.06269593858815847
608,2021-09-01,1,0.019471337579617835,-0.24648755237860498,NEXT,3.319999933242798,3.400000095367432,3.220000028610229,3.289999961853028,3.289999961853028,226400,0.00999999046325728,0.0029498496028925736
609,2021-09-02,-15,0.009280254777070063,-0.5233889434085706,NEXT,3.299999952316284,3.515000104904175,3.299999952316284,3.470000028610229,3.470000028610229,237800,0.11500000953674272,0.033823531267964446
610,2021-09-03,55,0.053866242038216564,4.8043925875085804,NEXT,3.470000028610229,3.5,3.259999990463257,3.309999942779541,3.309999942779541,201900,-0.015000104904174805,-0.004267455037411327
611,2021-09-07,13,0.027114649681528664,0.34843205574912894,NEXT,3.3499999046325684,3.549999952316284,3.319999933242798,3.5,3.5,439700,0.04999995231628418,0.014285700661795575
612,2021-09-08,4,0.02138216560509554,-0.211416490486258,NEXT,3.509999990463257,3.5999999046325684,3.369999885559082,3.380000114440918,3.380000114440918,259000,0.04999995231628418,0.01408449379940424
613,2021-09-09,24,0.034121019108280255,0.5957700327673519,NEXT,3.380000114440918,3.430000066757202,3.319999933242798,3.4100000858306885,3.4100000858306885,133100,-0.1699998378753662,-0.047222178438562246
614,2021-09-10,44,0.046859872611464966,0.3733432891543773,NEXT,3.400000095367432,3.438999891281128,3.309999942779541,3.3399999141693115,3.3399999141693115,232600,0.008999824523925781,0.0026238554952666693
615,2021-09-13,20,0.03157324840764331,1.0175010175010173,NEXT,3.390000104904175,3.390000104904175,2.859999895095825,2.859999895095825,2.859999895095825,1234000,-0.048999786376953125,-0.01424826633498355
616,2021-09-14,1,0.019471337579617835,-0.38329634859794237,NEXT,3.009999990463257,3.009999990463257,2.690000057220459,2.690000057220459,2.690000057220459,839800,-0.38000011444091797,-0.11209442556983618
617,2021-09-15,27,0.03603184713375796,0.850507033038927,NEXT,2.720000028610229,2.8399999141693115,2.4800000190734863,2.509999990463257,2.509999990463257,1481800,-0.1700000762939453,-0.05647843084138393
618,2021-09-17,10,0.025203821656050958,-0.3005126392080607,NEXT,2.400000095367432,2.5199999809265137,2.400000095367432,2.5199999809265137,2.5199999809265137,4050700,-0.31999993324279785,-0.11267603623727451
619,2021-09-21,12,0.02647770700636943,0.23830801310694083,NEXT,2.259999990463257,2.359999895095825,2.259999990463257,2.289999961853028,2.289999961853028,326700,-0.16000008583068848,-0.06349209803242228
620,2021-09-22,37,0.04240127388535032,0.6013952369497231,NEXT,2.2799999713897705,2.450000047683716,2.25,2.380000114440918,2.380000114440918,320200,0.09000015258789062,0.03813565957138998
621,2021-09-23,0,0.0188343949044586,-0.5558059185819437,NEXT,2.400000095367432,2.819999933242798,2.380000114440918,2.650000095367432,2.650000095367432,1213700,0.36999988555908203,0.15102035851341644
622,2021-09-28,24,0.034121019108280255,0.8116334122421374,NEXT,2.990000009536743,3.069999933242798,2.812999963760376,2.859999895095825,2.859999895095825,724800,0.25,0.0886524843681531
623,2021-09-29,26,0.035394904458598726,0.03733432891543775,NEXT,2.869999885559082,2.940000057220459,2.7799999713897705,2.789999961853028,2.789999961853028,338500,-0.12999987602233887,-0.04234523741015905
624,2021-09-30,41,0.04494904458598726,0.2699298182472556,NEXT,2.799999952316284,2.900000095367432,2.700000047683716,2.7799999713897705,2.7799999713897705,298500,-0.0399999618530269,-0.013605428936910857
625,2021-10-04,1,0.019471337579617835,0.0,NEXT,2.8299999237060547,2.990000009536743,2.700000047683716,2.9100000858306885,2.9100000858306885,755200,0.08999991416931108,0.031034452141253555
626,2021-10-05,5,0.022019108280254777,0.13084723585214264,NEXT,2.9800000190734863,3.150000095367432,2.890000104904175,3.049999952316284,3.049999952316284,750800,0.16000008583068892,0.053511734220856644
627,2021-10-06,2,0.02010828025477707,-0.08678044547295338,NEXT,3.009999990463257,3.0899999141693115,2.806999921798706,3.009999990463257,3.009999990463257,437500,-0.06000018119812056,-0.019047675994156354
628,2021-10-07,1,0.019471337579617835,-0.031675641431738955,NEXT,2.990000009536743,3.380000114440918,2.9609999656677246,3.200000047683716,3.200000047683716,1331000,0.29000020027160645,0.09385120010579917
629,2021-10-08,25,0.03475796178343949,0.7850834151128558,NEXT,3.2100000381469727,3.3499999046325684,3.1700000762939453,3.190000057220459,3.190000057220459,319900,-0.03000020980834961,-0.008875801417927431
630,2021-10-12,8,0.023929936305732483,-0.31152647975077885,NEXT,3.309999942779541,3.430000066757202,3.200000047683716,3.289999961853028,3.289999961853028,262600,0.08000016212463379,0.023880646090170154
631,2021-10-13,14,0.0277515923566879,0.1597018898056961,NEXT,3.2799999713897705,3.3299999237060547,3.140000104904175,3.3299999237060547,3.3299999237060547,289500,-0.10000014305114746,-0.029154560088883508
632,2021-10-14,6,0.022656050955414012,-0.18361257746155624,NEXT,3.3499999046325684,3.369999885559082,3.240000009536743,3.289999961853028,3.289999961853028,231200,0.039999961853027344,0.012012000831672864
633,2021-10-15,16,0.02902547770700637,0.28113578858588717,NEXT,3.289999961853028,3.318000078201294,3.1700000762939453,3.190000057220459,3.190000057220459,545000,-0.051999807357788086,-0.015430210422443746
634,2021-10-18,1,0.019471337579617835,-0.08936550491510276,NEXT,3.1700000762939453,3.256999969482422,3.069999933242798,3.119999885559082,3.119999885559082,292000,-0.06100010871887207,-0.0183846013505643
635,2021-10-19,1,0.019471337579617835,0.0,NEXT,3.1600000858306885,3.3399999141693115,3.109999895095825,3.259999990463257,3.259999990463257,400400,0.08299994468688965,0.02548355709689476
636,2021-10-20,10,0.025203821656050958,0.2944062806673211,NEXT,3.2699999809265137,3.3399999141693115,3.180000066757202,3.3399999141693115,3.3399999141693115,223700,0.0,0.0
637,2021-10-21,13,0.027114649681528664,0.07581501137225177,NEXT,3.3299999237060547,3.3499999046325684,3.2090001106262207,3.3299999237060547,3.3299999237060547,193200,0.009999990463256836,0.002994009197675007
638,2021-10-22,27,0.03603184713375796,0.32887009631195663,NEXT,3.299999952316284,3.4200000762939453,3.240000009536743,3.3399999141693115,3.3399999141693115,440900,0.07000017166137695,0.020895574225114677
639,2021-10-25,1,0.019471337579617835,-0.06140620202640468,NEXT,3.369999885559082,4.026000022888184,3.369999885559082,3.759999990463257,3.759999990463257,1776700,0.6059999465942383,0.1771929628875697
640,2021-10-26,5,0.022019108280254777,0.13084723585214264,NEXT,3.7899999618530273,3.900000095367432,3.6559998989105225,3.829999923706055,3.829999923706055,791700,-0.1259999275207515,-0.03129655409946108
641,2021-10-27,14,0.0277515923566879,0.2603413364188605,NEXT,3.7899999618530273,3.849999904632568,3.5799999237060547,3.650000095367432,3.650000095367432,396100,-0.05000019073486417,-0.012820561413384612
642,2021-10-28,7,0.023292993630573248,-0.16066100527886173,NEXT,3.619999885559082,3.740000009536743,3.4600000381469727,3.680000066757202,3.680000066757202,369000,-0.10999989509582475,-0.028571402031326243
643,2021-10-29,2,0.02010828025477707,-0.1367240907847963,NEXT,3.660000085830689,3.7699999809265137,3.569999933242798,3.670000076293945,3.670000076293945,411500,0.029999971389770508,0.00802138270408359
644,2021-11-02,1,0.019471337579617835,-0.7019596373208541,NEXT,3.890000104904175,3.910000085830689,3.650000095367432,3.839999914169312,3.839999914169312,318200,0.14000010490417525,0.03713530652850805
645,2021-11-03,17,0.029662420382165607,0.5233889434085706,NEXT,3.7899999618530273,4.019999980926514,3.7699999809265137,3.859999895095825,3.859999895095825,514600,0.10999989509582475,0.028132964880090316
646,2021-11-04,13,0.027114649681528664,-0.08589220528237063,NEXT,3.940000057220459,3.940000057220459,3.5999999046325684,3.640000104904175,3.640000104904175,465700,-0.07999992370605469,-0.019900478628265272
647,2021-11-05,0,0.0188343949044586,-0.305379375146817,NEXT,3.670000076293945,3.829999923706055,3.609999895095825,3.75,3.75,324100,-0.11000013351440385,-0.027918815207329084
648,2021-11-08,6,0.022656050955414012,0.29017047515415295,NEXT,3.825000047683716,4.019999980926514,3.799999952316284,3.990000009536743,3.990000009536743,625500,0.19000005722045854,0.04960837101965443
649,2021-11-09,14,0.0277515923566879,0.2249086308687096,NEXT,4.019999980926514,4.269999980926514,3.759999990463257,3.910000085830689,3.910000085830689,842900,0.25,0.06218905502143346
650,2021-11-10,13,0.027114649681528664,-0.022951572182694502,NEXT,3.910000085830689,4.005000114440918,3.650000095367432,3.680000066757202,3.680000066757202,655100,-0.2649998664855957,-0.06206085893894908
651,2021-11-11,11,0.025840764331210193,-0.046981442330279566,NEXT,3.75,3.910000085830689,3.5799999237060547,3.849999904632568,3.849999904632568,506100,-0.09500002861022905,-0.023720356028876344
652,2021-11-12,1,0.019471337579617835,-0.24648755237860498,NEXT,3.809999942779541,3.930000066757202,3.736999988555908,3.829999923706055,3.829999923706055,232500,0.019999980926513228,0.005115084523652724
653,2021-11-15,2,0.02010828025477707,-0.1367240907847963,NEXT,3.809999942779541,4.070000171661377,3.7300000190734863,4.010000228881836,4.010000228881836,719400,0.1400001049041748,0.035623435757265565
654,2021-11-16,8,0.023929936305732483,0.19005384859043395,NEXT,3.9700000286102295,4.199999809265137,3.839999914169312,4.090000152587891,4.090000152587891,691200,0.12999963760375977,0.031940941553005864
655,2021-11-18,9,0.024566878980891722,0.02661698163428272,NEXT,4.119999885559082,4.130000114440918,3.819999933242798,3.900000095367432,3.900000095367432,397000,-0.06999969482421875,-0.016666594762647535
656,2021-11-19,66,0.060872611464968154,1.477832512315271,NEXT,3.819999933242798,3.849999904632568,3.650000095367432,3.7300000190734863,3.7300000190734863,289500,-0.28000020980835005,-0.06779665909192212
657,2021-11-22,1,0.019471337579617835,0.0,NEXT,3.740000009536743,3.811000108718872,3.5,3.609999895095825,3.609999895095825,329300,-0.038999795913695845,-0.010129817371363758
658,2021-11-23,4,0.02138216560509554,0.09813542688910704,NEXT,3.640000104904175,3.859999895095825,3.5999999046325684,3.630000114440918,3.630000114440918,368100,0.048999786376953125,0.012857461290764816
659,2021-11-24,11,0.025840764331210193,0.20851951146857317,NEXT,3.5999999046325684,3.700000047683716,3.430000066757202,3.660000085830689,3.660000085830689,226600,-0.15999984741210938,-0.04145073879804795
660,2021-11-26,3,0.020745222929936306,-0.19719004190288403,NEXT,3.4800000190734863,3.5999999046325684,3.4100000858306885,3.5799999237060547,3.5799999237060547,114100,-0.10000014305114746,-0.02702706534118826
661,2021-11-29,9,0.024566878980891722,0.2616944717042853,NEXT,3.650000095367432,3.690000057220459,3.2799999713897705,3.299999952316284,3.299999952316284,213700,0.09000015258789062,0.025000043047800125
662,2021-11-30,24,0.034121019108280255,0.3889032927145448,NEXT,3.240000009536743,3.390000104904175,3.119999885559082,3.180000066757202,3.180000066757202,296000,-0.2999999523162842,-0.08130079882499053
663,2021-12-01,1,0.019471337579617835,-0.42934478252753405,NEXT,3.2699999809265137,3.390000104904175,3.0299999713897705,3.0999999046325684,3.0999999046325684,461900,0.0,0.0
664,2021-12-02,1,0.019471337579617835,0.0,NEXT,3.069999933242798,3.164999961853028,3.0,3.0999999046325684,3.0999999046325684,265200,-0.22500014305114702,-0.06637172156002247
665,2021-12-03,64,0.05959872611464968,2.060843964671246,NEXT,3.119999885559082,3.2699999809265137,2.940000057220459,3.0,3.0,373000,0.10500001907348588,0.03317536187646941
666,2021-12-06,4,0.02138216560509554,0.8077544426494347,NEXT,2.950000047683716,3.109999895095825,2.859999895095825,3.069999933242798,3.069999933242798,356500,-0.16000008583068848,-0.0489296901418802
667,2021-12-07,17,0.029662420382165607,0.3872505212987787,NEXT,3.109999895095825,3.2699999809265137,3.109999895095825,3.1700000762939453,3.1700000762939453,313200,0.16000008583068848,0.05144697467128334
668,2021-12-08,14,0.0277515923566879,-0.064419153961778,NEXT,3.25,3.25,3.0899999141693115,3.150000095367432,3.150000095367432,194000,-0.019999980926513672,-0.006116202153874872
669,2021-12-09,6,0.022656050955414012,-0.18361257746155624,NEXT,3.0999999046325684,3.1700000762939453,3.009999990463257,3.009999990463257,3.009999990463257,164800,-0.07999992370605469,-0.024615361140324477
670,2021-12-10,-9,0.01310191082802548,-0.4217036828788304,NEXT,3.0199999809265137,3.150000095367432,2.9800000190734863,3.119999885559082,3.119999885559082,216400,-0.019999980926513228,-0.006309142096266207
671,2021-12-13,2,0.02010828025477707,0.53475935828877,NEXT,3.069999933242798,3.0799999237060547,2.789999961853028,2.789999961853028,2.789999961853028,301400,-0.0700001716613774,-0.022222276045109846
672,2021-12-14,5,0.022019108280254777,0.09502692429521686,NEXT,2.759999990463257,2.825000047683716,2.5999999046325684,2.640000104904175,2.640000104904175,188900,-0.25499987602233887,-0.08279216959054547
673,2021-12-15,17,0.029662420382165607,0.34712178189181375,NEXT,2.680000066757202,2.7839999198913574,2.509999990463257,2.7300000190734863,2.7300000190734863,291400,-0.0410001277923584,-0.014513319327543184
674,2021-12-16,0,0.0188343949044586,-0.36504187245007513,NEXT,2.75,3.130000114440918,2.7300000190734863,3.039999961853028,3.039999961853028,500200,0.34600019454956055,0.12428168265287254
675,2021-12-17,324,0.22520382165605096,10.957051065268853,NEXT,2.9100000858306885,3.0199999809265137,2.759999990463257,2.789999961853028,2.789999961853028,414700,-0.1100001335144043,-0.03514381133946143
676,2021-12-20,-13,0.010554140127388534,-0.5064045278522491,NEXT,2.690000057220459,2.740000009536743,2.559999942779541,2.619999885559082,2.619999885559082,378200,-0.2799999713897705,-0.09271522290005729
677,2021-12-21,10,0.025203821656050958,1.3880506940253476,NEXT,2.680000066757202,2.950000047683716,2.619999885559082,2.9100000858306885,2.9100000858306885,373100,0.21000003814697266,0.07664234942191772
678,2021-12-22,26,0.035394904458598726,0.4043467273186756,NEXT,2.940000057220459,2.940000057220459,2.755000114440918,2.759999990463257,2.759999990463257,180100,-0.009999990463256836,-0.0033898272208872093
679,2021-12-23,19,0.030936305732484078,-0.125967248515386,NEXT,2.799999952316284,3.244999885559082,2.7699999809265137,3.190000057220459,3.190000057220459,457100,0.30499982833862305,0.10374143619132337
680,2021-12-28,-1,0.018197452229299364,-0.23955283470854405,NEXT,3.0199999809265137,3.0999999046325684,2.9100000858306885,3.0,3.0,297400,-0.14499998092651367,-0.0446841251279525
681,2021-12-29,19,0.030936305732484078,0.7000350017500876,NEXT,2.990000009536743,3.109999895095825,2.880000114440918,2.9200000762939453,2.9200000762939453,507100,0.009999990463256836,0.0032258034744816477
682,2021-12-31,-1,0.018197452229299364,-0.41177681696520485,NEXT,2.950000047683716,3.0199999809265137,2.8499999046325684,2.8499999046325684,2.8499999046325684,277400,-0.08999991416931152,-0.02893888013026391
