"2019-11-09","1"
"2020-03-13","1"
"2020-04-25","4"
"2021-01-27","5"
"2021-01-28","2"
"2021-03-07","70"
