"2017-10-29","2"
"2021-01-20","1"
"2021-02-10","1"
"2021-09-19","1"
